0 -9.461 -13.3 90 -9.63352 -12.6818 84.2494 3 -0.640387 0.0901455 90
0 -9.461 -13.3 90 -9.63352 -12.6818 84.2494 3 -0.640387 0.0901455 160
0 -9.461 -13.3 90 -9.63352 -12.6818 84.2494 3 -0.640387 0.0901455 147
0 -9.461 -13.3 90 -9.63352 -12.6818 84.2494 3 -0.303739 0.0901455 22
0 -9.461 -13.3 90 -9.63352 -12.6818 84.2494 3 -0.26632 0.0901455 20
0 -9.461 -13.3 90 -9.63352 -12.6818 84.2494 3 -0.26632 0.0901455 21
0 -9.461 -13.3 90 -9.63352 -12.6818 84.2494 3 -0.22915 0.0901455 28
0 -9.461 -13.3 90 -9.63352 -12.6818 84.2494 3 -0.191917 0.0901455 33
0 -9.461 -13.3 90 -9.63352 -12.6818 84.2494 3 -0.154716 0.0901455 30
0 -9.461 -13.3 90 -9.63352 -12.6818 84.2494 3 -0.154716 0.0901455 23
0 -9.461 -13.3 90 -9.63352 -12.6818 84.2494 3 -0.116923 0.0901455 20
0 -9.461 -13.3 90 -9.63352 -12.6818 84.2494 3 -0.0794108 0.0901455 24
0 -9.461 -13.3 90 -9.63352 -12.6818 84.2494 3 -0.0794108 0.0901455 21
0 -9.461 -13.3 90 -9.63352 -12.6818 84.2494 3 -0.0794108 0.0901455 31
1 -8.461 -9.8 -90 -8.7495 -10.3299 -84.7242 3 -0.491581 0.0901455 34
1 -8.461 -9.8 -90 -8.7495 -10.3299 -84.7242 3 -0.454069 0.0901455 24
1 -8.461 -9.8 -90 -8.7495 -10.3299 -84.7242 3 -0.454069 0.0901455 23
1 -8.461 -9.8 -90 -8.7495 -10.3299 -84.7242 3 -0.454069 0.0901455 52
1 -8.461 -9.8 -90 -8.7495 -10.3299 -84.7242 3 -0.41665 0.0901455 37
1 -8.461 -9.8 -90 -8.7495 -10.3299 -84.7242 3 -0.378671 0.0901455 63
1 -8.461 -9.8 -90 -8.7495 -10.3299 -84.7242 3 -0.341221 0.0901455 47
1 -8.461 -9.8 -90 -8.7495 -10.3299 -84.7242 3 -0.341221 0.0901455 35
1 -8.461 -9.8 -90 -8.7495 -10.3299 -84.7242 3 -0.303739 0.0901455 29
1 -8.461 -9.8 -90 -8.7495 -10.3299 -84.7242 3 -0.303739 0.0901455 21
1 -8.461 -9.8 -90 -8.7495 -10.3299 -84.7242 3 -0.266351 0.0901455 25
1 -8.461 -9.8 -90 -8.7495 -10.3299 -84.7242 3 -0.266351 0.0901455 23
1 -8.461 -9.8 -90 -8.7495 -10.3299 -84.7242 3 -0.229181 0.0901455 76
1 -8.461 -9.8 -90 -8.7495 -10.3299 -84.7242 3 -0.229181 0.0901455 57
1 -8.461 -9.8 -90 -8.7495 -10.3299 -84.7242 3 -0.191513 0.0901455 43
1 -8.461 -9.8 -90 -8.7495 -10.3299 -84.7242 3 -0.191513 0.0901455 50
1 -8.461 -9.8 -90 -8.7495 -10.3299 -84.7242 3 -0.191513 0.0901455 54
1 -8.461 -9.8 -90 -8.7495 -10.3299 -84.7242 3 -0.154187 0.0901455 48
1 -8.461 -9.8 -90 -8.7495 -10.3299 -84.7242 3 -0.154187 0.0901455 20
1 -8.461 -9.8 -90 -8.7495 -10.3299 -84.7242 3 -0.154187 0.0901455 147
1 -8.461 -9.8 -90 -8.7495 -10.3299 -84.7242 3 -0.116394 0.0901455 67
1 -8.461 -9.8 -90 -8.7495 -10.3299 -84.7242 3 -0.116394 0.0901455 62
1 -8.461 -9.8 -90 -8.7495 -10.3299 -84.7242 3 -0.0792241 0.0901455 25
1 -8.461 -9.8 -90 -8.7495 -10.3299 -84.7242 3 -0.0792241 0.0901455 163
1 -8.461 -9.8 -90 -8.7495 -10.3299 -84.7242 3 -0.0419605 0.0901455 66
1 -8.461 -9.8 -90 -8.7495 -10.3299 -84.7242 3 -0.0419605 0.0901455 113
1 -8.461 -9.8 -90 -8.7495 -10.3299 -84.7242 3 -0.00441689 0.0901455 109
1 -8.461 -9.8 -90 -8.7495 -10.3299 -84.7242 3 -0.00441689 0.0901455 376
1 -8.461 -9.8 -90 -8.7495 -10.3299 -84.7242 3 -0.00441689 0.0901455 8252
1 -8.461 -9.8 -90 -8.7495 -10.3299 -84.7242 3 0.0331889 0.0901455 2370
1 -8.461 -9.8 -90 -8.7495 -10.3299 -84.7242 3 0.0331889 0.0901455 21
1 -8.461 -9.8 -90 -8.7495 -10.3299 -84.7242 3 0.0331889 0.0901455 22
1 -8.461 -9.8 -90 -8.7495 -10.3299 -84.7242 3 0.0331889 0.0901455 24
1 -8.461 -9.8 -90 -8.7495 -10.3299 -84.7242 3 0.0706392 0.0901455 22
1 -8.461 -9.8 -90 -8.7495 -10.3299 -84.7242 3 0.0706392 0.0901455 72
1 -8.461 -9.8 -90 -8.7495 -10.3299 -84.7242 3 0.0706392 0.0901455 101
1 -8.461 -9.8 -90 -8.7495 -10.3299 -84.7242 3 0.108058 0.0901455 89
1 -8.461 -9.8 -90 -8.7495 -10.3299 -84.7242 3 0.108058 0.0901455 55
1 -8.461 -9.8 -90 -8.7495 -10.3299 -84.7242 3 0.145944 0.0901455 39
1 -8.461 -9.8 -90 -8.7495 -10.3299 -84.7242 3 0.145944 0.0901455 24
1 -8.461 -9.8 -90 -8.7495 -10.3299 -84.7242 3 0.183394 0.0901455 133
1 -8.461 -9.8 -90 -8.7495 -10.3299 -84.7242 3 0.221093 0.0901455 41
1 -8.461 -9.8 -90 -8.7495 -10.3299 -84.7242 3 0.296274 0.0901455 25
1 -8.461 -9.8 -90 -8.7495 -10.3299 -84.7242 3 0.334595 0.0901455 41
1 -8.461 -9.8 -90 -8.7495 -10.3299 -84.7242 3 0.334595 0.0901455 26
1 -8.461 -9.8 -90 -8.7495 -10.3299 -84.7242 3 0.372108 0.0901455 25
1 -8.461 -9.8 -90 -8.7495 -10.3299 -84.7242 3 0.447195 0.0901455 20
1 -8.461 -9.8 -90 -8.7495 -10.3299 -84.7242 3 0.522375 0.0901455 31
1 -8.461 -9.8 -90 -8.7495 -10.3299 -84.7242 3 0.522375 0.0901455 27
2 -8.461 -7.8 -90 -8.4963 -8.25034 -84.4374 3 -0.193503 0.0901455 25
2 -8.461 -7.8 -90 -8.4963 -8.25034 -84.4374 3 -0.156115 0.0901455 42
2 -8.461 -7.8 -90 -8.4963 -8.25034 -84.4374 3 0.10868 0.0901455 25
2 -8.461 -7.8 -90 -8.4963 -8.25034 -84.4374 3 0.10868 0.0901455 142
2 -8.461 -7.8 -90 -8.4963 -8.25034 -84.4374 3 0.147282 0.0901455 62
2 -8.461 -7.8 -90 -8.4963 -8.25034 -84.4374 3 0.147282 0.0901455 93
2 -8.461 -7.8 -90 -8.4963 -8.25034 -84.4374 3 0.184887 0.0901455 42
2 -8.461 -7.8 -90 -8.4963 -8.25034 -84.4374 3 0.184887 0.0901455 38
2 -8.461 -7.8 -90 -8.4963 -8.25034 -84.4374 3 0.222649 0.0901455 33
2 -8.461 -7.8 -90 -8.4963 -8.25034 -84.4374 3 0.335155 0.0901455 29
3 -8.461 -3.3 -90 -8.49553 -3.86562 -86.9443 3 -0.342776 0.0901715 31
3 -8.461 -3.3 -90 -8.49553 -3.86562 -86.9443 3 -0.342776 0.0901715 30
3 -8.461 -3.3 -90 -8.49553 -3.86562 -86.9443 3 -0.30489 0.0901715 22
3 -8.461 -3.3 -90 -8.49553 -3.86562 -86.9443 3 -0.30489 0.0901715 21
3 -8.461 -3.3 -90 -8.49553 -3.86562 -86.9443 3 -0.30489 0.0901715 20
3 -8.461 -3.3 -90 -8.49553 -3.86562 -86.9443 3 -0.267564 0.0901715 21
3 -8.461 -3.3 -90 -8.49553 -3.86562 -86.9443 3 -0.267564 0.0901715 26
3 -8.461 -3.3 -90 -8.49553 -3.86562 -86.9443 3 -0.267564 0.0901715 24
3 -8.461 -3.3 -90 -8.49553 -3.86562 -86.9443 3 -0.229741 0.0901715 21
3 -8.461 -3.3 -90 -8.49553 -3.86562 -86.9443 3 -0.192353 0.0901715 77
3 -8.461 -3.3 -90 -8.49553 -3.86562 -86.9443 3 -0.192353 0.0901715 32
3 -8.461 -3.3 -90 -8.49553 -3.86562 -86.9443 3 -0.15512 0.0901715 37
3 -8.461 -3.3 -90 -8.49553 -3.86562 -86.9443 3 -0.15512 0.0901715 21
3 -8.461 -3.3 -90 -8.49553 -3.86562 -86.9443 3 -0.15512 0.0901715 29
3 -8.461 -3.3 -90 -8.49553 -3.86562 -86.9443 3 -0.11767 0.0901715 34
3 -8.461 -3.3 -90 -8.49553 -3.86562 -86.9443 3 -0.11767 0.0901715 59
3 -8.461 -3.3 -90 -8.49553 -3.86562 -86.9443 3 -0.0427381 0.0901715 25
3 -8.461 -3.3 -90 -8.49553 -3.86562 -86.9443 3 -0.0427381 0.0901715 34
3 -8.461 -3.3 -90 -8.49553 -3.86562 -86.9443 3 0.0330334 0.0901715 22
3 -8.461 -3.3 -90 -8.49553 -3.86562 -86.9443 3 0.0330334 0.0901715 23
3 -8.461 -3.3 -90 -8.49553 -3.86562 -86.9443 3 0.0330334 0.0901715 20
3 -8.461 -3.3 -90 -8.49553 -3.86562 -86.9443 3 0.0330334 0.0901715 21
3 -8.461 -3.3 -90 -8.49553 -3.86562 -86.9443 3 0.0706703 0.0901715 21
3 -8.461 -3.3 -90 -8.49553 -3.86562 -86.9443 3 0.108152 0.0901715 272
3 -8.461 -3.3 -90 -8.49553 -3.86562 -86.9443 3 0.146006 0.0901715 4495
3 -8.461 -3.3 -90 -8.49553 -3.86562 -86.9443 3 0.146006 0.0901715 1465
3 -8.461 -3.3 -90 -8.49553 -3.86562 -86.9443 3 0.18383 0.0901715 357
3 -8.461 -3.3 -90 -8.49553 -3.86562 -86.9443 3 0.18383 0.0901715 4209
3 -8.461 -3.3 -90 -8.49553 -3.86562 -86.9443 3 0.146442 0.0901715 1570
3 -8.461 -3.3 -90 -8.49553 -3.86562 -86.9443 3 0.146442 0.0901715 28
3 -8.461 -3.3 -90 -8.49553 -3.86562 -86.9443 3 0.108152 0.0901715 24
3 -8.461 -3.3 -90 -8.49553 -3.86562 -86.9443 3 0.0704837 0.0901715 20
3 -8.461 -3.3 -90 -8.49553 -3.86562 -86.9443 3 0.0704837 0.0901715 21
3 -8.461 -3.3 -90 -8.49553 -3.86562 -86.9443 3 0.0704837 0.0901715 26
3 -8.461 -3.3 -90 -8.49553 -3.86562 -86.9443 3 0.0330334 0.0901715 20
3 -8.461 -3.3 -90 -8.49553 -3.86562 -86.9443 3 -0.0050701 0.0901715 29
3 -8.461 -3.3 -90 -8.49553 -3.86562 -86.9443 3 -0.0050701 0.0901715 41
3 -8.461 -3.3 -90 -8.49553 -3.86562 -86.9443 3 -0.0798151 0.0901715 69
3 -8.461 -3.3 -90 -8.49553 -3.86562 -86.9443 3 -0.0798151 0.0901715 69
3 -8.461 -3.3 -90 -8.49553 -3.86562 -86.9443 3 -0.0798151 0.0901715 31
3 -8.461 -3.3 -90 -8.49553 -3.86562 -86.9443 3 -0.117545 0.0901715 40
3 -8.461 -3.3 -90 -8.49553 -3.86562 -86.9443 3 -0.154716 0.0901715 26
3 -8.461 -3.3 -90 -8.49553 -3.86562 -86.9443 3 -0.154716 0.0901715 23
3 -8.461 -3.3 -90 -8.49553 -3.86562 -86.9443 3 -0.154716 0.0901715 83
3 -8.461 -3.3 -90 -8.49553 -3.86562 -86.9443 3 -0.191917 0.0901715 48
3 -8.461 -3.3 -90 -8.49553 -3.86562 -86.9443 3 -0.229492 0.0901715 26
3 -8.461 -3.3 -90 -8.49553 -3.86562 -86.9443 3 -0.229492 0.0901715 30
3 -8.461 -3.3 -90 -8.49553 -3.86562 -86.9443 3 -0.266787 0.0901715 21
3 -8.461 -3.3 -90 -8.49553 -3.86562 -86.9443 3 -0.266787 0.0901715 24
3 -8.461 -3.3 -90 -8.49553 -3.86562 -86.9443 3 -0.266787 0.0901715 26
3 -8.461 -3.3 -90 -8.49553 -3.86562 -86.9443 3 -0.304175 0.0901715 23
3 -8.461 -3.3 -90 -8.49553 -3.86562 -86.9443 3 -0.304175 0.0901715 32
3 -8.461 -3.3 -90 -8.49553 -3.86562 -86.9443 3 -0.304175 0.0901715 24
4 -7.461 -1.8 0 -7.35926 -2.38263 2.34878 3 -0.112786 0.0901455 21
4 -7.461 -1.8 0 -7.35926 -2.38263 2.34878 3 -0.112786 0.0901455 34
4 -7.461 -1.8 0 -7.35926 -2.38263 2.34878 3 -0.112786 0.0901455 39
4 -7.461 -1.8 0 -7.35926 -2.38263 2.34878 3 -0.0740296 0.0901455 37
4 -7.461 -1.8 0 -7.35926 -2.38263 2.34878 3 -0.0740296 0.0901455 34
4 -7.461 -1.8 0 -7.35926 -2.38263 2.34878 3 -0.0740296 0.0901455 23
4 -7.461 -1.8 0 -7.35926 -2.38263 2.34878 3 -0.0740296 0.0901455 26
4 -7.461 -1.8 0 -7.35926 -2.38263 2.34878 3 -0.0365793 0.0901455 26
4 -7.461 -1.8 0 -7.35926 -2.38263 2.34878 3 -0.0365793 0.0901455 33
4 -7.461 -1.8 0 -7.35926 -2.38263 2.34878 3 -0.0365793 0.0901455 49
4 -7.461 -1.8 0 -7.35926 -2.38263 2.34878 3 -0.0365793 0.0901455 22
4 -7.461 -1.8 0 -7.35926 -2.38263 2.34878 3 0.0012753 0.0901455 37
4 -7.461 -1.8 0 -7.35926 -2.38263 2.34878 3 0.0012753 0.0901455 33
4 -7.461 -1.8 0 -7.35926 -2.38263 2.34878 3 0.0012753 0.0901455 24
4 -7.461 -1.8 0 -7.35926 -2.38263 2.34878 3 0.0387256 0.0901455 26
4 -7.461 -1.8 0 -7.35926 -2.38263 2.34878 3 0.0387256 0.0901455 39
4 -7.461 -1.8 0 -7.35926 -2.38263 2.34878 3 0.0387256 0.0901455 20
4 -7.461 -1.8 0 -7.35926 -2.38263 2.34878 3 0.0387256 0.0901455 35
4 -7.461 -1.8 0 -7.35926 -2.38263 2.34878 3 0.0762381 0.0901455 35
4 -7.461 -1.8 0 -7.35926 -2.38263 2.34878 3 0.0762381 0.0901455 20
4 -7.461 -1.8 0 -7.35926 -2.38263 2.34878 3 0.0762381 0.0901455 29
4 -7.461 -1.8 0 -7.35926 -2.38263 2.34878 3 0.113657 0.0901455 45
4 -7.461 -1.8 0 -7.35926 -2.38263 2.34878 3 0.113657 0.0901455 626
4 -7.461 -1.8 0 -7.35926 -2.38263 2.34878 3 0.151263 0.0901455 413
4 -7.461 -1.8 0 -7.35926 -2.38263 2.34878 3 0.151263 0.0901455 27
4 -7.461 -1.8 0 -7.35926 -2.38263 2.34878 3 0.151263 0.0901455 31
4 -7.461 -1.8 0 -7.35926 -2.38263 2.34878 3 0.151263 0.0901455 37
4 -7.461 -1.8 0 -7.35926 -2.38263 2.34878 3 0.188869 0.0901455 26
4 -7.461 -1.8 0 -7.35926 -2.38263 2.34878 3 0.188869 0.0901455 24
4 -7.461 -1.8 0 -7.35926 -2.38263 2.34878 3 0.226381 0.0901455 26
4 -7.461 -1.8 0 -7.35926 -2.38263 2.34878 3 0.226381 0.0901455 23
4 -7.461 -1.8 0 -7.35926 -2.38263 2.34878 3 0.226381 0.0901455 23
4 -7.461 -1.8 0 -7.35926 -2.38263 2.34878 3 0.263925 0.0901455 20
4 -7.461 -1.8 0 -7.35926 -2.38263 2.34878 3 0.301406 0.0901455 26
4 -7.461 -1.8 0 -7.35926 -2.38263 2.34878 3 0.301406 0.0901455 25
4 -7.461 -1.8 0 -7.35926 -2.38263 2.34878 3 0.376805 0.0901455 20
4 -7.461 -1.8 0 -7.35926 -2.38263 2.34878 3 0.414224 0.0901455 29
4 -7.461 -1.8 0 -7.35926 -2.38263 2.34878 3 0.451705 0.0901455 21
5 -3.461 -0.8 180 -4.12245 -0.87489 176.649 3 -0.303241 0.0901455 38
5 -3.461 -0.8 180 -4.12245 -0.87489 176.649 3 -0.303241 0.0901455 21
5 -3.461 -0.8 180 -4.12245 -0.87489 176.649 3 -0.26604 0.0901455 21
5 -3.461 -0.8 180 -4.12245 -0.87489 176.649 3 -0.228776 0.0901455 20
5 -3.461 -0.8 180 -4.12245 -0.87489 176.649 3 -0.228776 0.0901455 30
5 -3.461 -0.8 180 -4.12245 -0.87489 176.649 3 -0.191419 0.0901455 26
5 -3.461 -0.8 180 -4.12245 -0.87489 176.649 3 -0.191419 0.0901455 25
5 -3.461 -0.8 180 -4.12245 -0.87489 176.649 3 -0.153658 0.0901455 23
5 -3.461 -0.8 180 -4.12245 -0.87489 176.649 3 -0.153658 0.0901455 29
5 -3.461 -0.8 180 -4.12245 -0.87489 176.649 3 -0.116363 0.0901455 35
5 -3.461 -0.8 180 -4.12245 -0.87489 176.649 3 -0.116363 0.0901455 33
5 -3.461 -0.8 180 -4.12245 -0.87489 176.649 3 -0.116363 0.0901455 38
5 -3.461 -0.8 180 -4.12245 -0.87489 176.649 3 -0.116363 0.0901455 24
5 -3.461 -0.8 180 -4.12245 -0.87489 176.649 3 -0.0786953 0.0901455 23
5 -3.461 -0.8 180 -4.12245 -0.87489 176.649 3 -0.0786953 0.0901455 27
5 -3.461 -0.8 180 -4.12245 -0.87489 176.649 3 -0.0786953 0.0901455 23
5 -3.461 -0.8 180 -4.12245 -0.87489 176.649 3 -0.041214 0.0901455 24
5 -3.461 -0.8 180 -4.12245 -0.87489 176.649 3 -0.00367038 0.0901455 20
5 -3.461 -0.8 180 -4.12245 -0.87489 176.649 3 -0.00367038 0.0901455 27
5 -3.461 -0.8 180 -4.12245 -0.87489 176.649 3 -0.00367038 0.0901455 21
5 -3.461 -0.8 180 -4.12245 -0.87489 176.649 3 0.0338732 0.0901455 21
5 -3.461 -0.8 180 -4.12245 -0.87489 176.649 3 0.0338732 0.0901455 21
5 -3.461 -0.8 180 -4.12245 -0.87489 176.649 3 0.109458 0.0901455 22
5 -3.461 -0.8 180 -4.12245 -0.87489 176.649 3 0.109458 0.0901455 21
5 -3.461 -0.8 180 -4.12245 -0.87489 176.649 3 0.147095 0.0901455 21
5 -3.461 -0.8 180 -4.12245 -0.87489 176.649 3 0.147095 0.0901455 22
5 -3.461 -0.8 180 -4.12245 -0.87489 176.649 3 0.222618 0.0901455 29
5 -3.461 -0.8 180 -4.12245 -0.87489 176.649 3 0.222618 0.0901455 27
5 -3.461 -0.8 180 -4.12245 -0.87489 176.649 3 0.222618 0.0901455 21
5 -3.461 -0.8 180 -4.12245 -0.87489 176.649 3 0.260006 0.0901455 24
5 -3.461 -0.8 180 -4.12245 -0.87489 176.649 3 0.260006 0.0901455 22
5 -3.461 -0.8 180 -4.12245 -0.87489 176.649 3 0.447724 0.0901455 24
5 -3.461 -0.8 180 -4.12245 -0.87489 176.649 3 0.485174 0.0901455 24
5 -3.461 -0.8 180 -4.12245 -0.87489 176.649 3 0.598271 0.0901455 23
5 -3.461 -0.8 180 -4.12245 -0.87489 176.649 3 0.746051 0.0901455 25
5 -3.461 -0.8 180 -4.12245 -0.87489 176.649 3 0.746051 0.0901455 22
5 -3.461 -0.8 180 -4.12245 -0.87489 176.649 3 0.770188 0.0901455 21
5 -3.461 -0.8 180 -4.12245 -0.87489 176.649 3 0.783563 0.0901455 21
5 -3.461 -0.8 180 -4.12245 -0.87489 176.649 3 0.771277 0.0901455 21
5 -3.461 -0.8 180 -4.12245 -0.87489 176.649 3 0.771277 0.0901455 23
5 -3.461 -0.8 180 -4.12245 -0.87489 176.649 3 0.638303 0.0901455 20
5 -3.461 -0.8 180 -4.12245 -0.87489 176.649 3 0.563061 0.0901455 22
5 -3.461 -0.8 180 -4.12245 -0.87489 176.649 3 0.524926 0.0901455 20
5 -3.461 -0.8 180 -4.12245 -0.87489 176.649 3 0.487382 0.0901455 21
5 -3.461 -0.8 180 -4.12245 -0.87489 176.649 3 0.487382 0.0901455 27
5 -3.461 -0.8 180 -4.12245 -0.87489 176.649 3 0.487382 0.0901455 21
5 -3.461 -0.8 180 -4.12245 -0.87489 176.649 3 0.298171 0.0901455 20
5 -3.461 -0.8 180 -4.12245 -0.87489 176.649 3 0.298171 0.0901455 22
5 -3.461 -0.8 180 -4.12245 -0.87489 176.649 3 0.260161 0.0901455 26
5 -3.461 -0.8 180 -4.12245 -0.87489 176.649 3 0.260161 0.0901455 27
5 -3.461 -0.8 180 -4.12245 -0.87489 176.649 3 0.22268 0.0901455 31
5 -3.461 -0.8 180 -4.12245 -0.87489 176.649 3 0.185167 0.0901455 23
5 -3.461 -0.8 180 -4.12245 -0.87489 176.649 3 0.185167 0.0901455 20
5 -3.461 -0.8 180 -4.12245 -0.87489 176.649 3 0.146691 0.0901455 22
5 -3.461 -0.8 180 -4.12245 -0.87489 176.649 3 0.146691 0.0901455 23
5 -3.461 -0.8 180 -4.12245 -0.87489 176.649 3 0.146691 0.0901455 20
5 -3.461 -0.8 180 -4.12245 -0.87489 176.649 3 0.146691 0.0901455 20
5 -3.461 -0.8 180 -4.12245 -0.87489 176.649 3 0.0712613 0.0901455 20
5 -3.461 -0.8 180 -4.12245 -0.87489 176.649 3 0.0712613 0.0901455 21
5 -3.461 -0.8 180 -4.12245 -0.87489 176.649 3 0.0712613 0.0901455 23
5 -3.461 -0.8 180 -4.12245 -0.87489 176.649 3 0.0337488 0.0901455 30
5 -3.461 -0.8 180 -4.12245 -0.87489 176.649 3 0.0337488 0.0901455 29
5 -3.461 -0.8 180 -4.12245 -0.87489 176.649 3 -0.0038259 0.0901455 21
5 -3.461 -0.8 180 -4.12245 -0.87489 176.649 3 -0.0415561 0.0901455 22
5 -3.461 -0.8 180 -4.12245 -0.87489 176.649 3 -0.0415561 0.0901455 23
5 -3.461 -0.8 180 -4.12245 -0.87489 176.649 3 -0.0415561 0.0901455 20
5 -3.461 -0.8 180 -4.12245 -0.87489 176.649 3 -0.0788509 0.0901455 29
5 -3.461 -0.8 180 -4.12245 -0.87489 176.649 3 -0.0788509 0.0901455 28
5 -3.461 -0.8 180 -4.12245 -0.87489 176.649 3 -0.0788509 0.0901455 41
5 -3.461 -0.8 180 -4.12245 -0.87489 176.649 3 -0.116301 0.0901455 27
5 -3.461 -0.8 180 -4.12245 -0.87489 176.649 3 -0.153596 0.0901455 26
5 -3.461 -0.8 180 -4.12245 -0.87489 176.649 3 -0.153596 0.0901455 34
5 -3.461 -0.8 180 -4.12245 -0.87489 176.649 3 -0.190922 0.0901455 37
5 -3.461 -0.8 180 -4.12245 -0.87489 176.649 3 -0.190922 0.0901455 21
5 -3.461 -0.8 180 -4.12245 -0.87489 176.649 3 -0.228185 0.0901455 35
5 -3.461 -0.8 180 -4.12245 -0.87489 176.649 3 -0.228185 0.0901455 21
5 -3.461 -0.8 180 -4.12245 -0.87489 176.649 3 -0.265449 0.0901455 21
5 -3.461 -0.8 180 -4.12245 -0.87489 176.649 3 -0.265449 0.0901455 40
5 -3.461 -0.8 180 -4.12245 -0.87489 176.649 3 -0.265449 0.0901455 25
5 -3.461 -0.8 180 -4.12245 -0.87489 176.649 3 -0.302588 0.0901455 26
5 -3.461 -0.8 180 -4.12245 -0.87489 176.649 3 -0.639392 0.0901455 20
5 -3.461 -0.8 180 -4.12245 -0.87489 176.649 3 -0.714355 0.0901455 20
6 0.539 -0.8 0 -0.0941286 -0.801388 -3.67627 3 -0.229896 0.0901455 27
6 0.539 -0.8 0 -0.0941286 -0.801388 -3.67627 3 -0.0803128 0.0901455 21
6 0.539 -0.8 0 -0.0941286 -0.801388 -3.67627 3 -0.0429869 0.0901455 25
6 0.539 -0.8 0 -0.0941286 -0.801388 -3.67627 3 0.0321002 0.0901455 24
6 0.539 -0.8 0 -0.0941286 -0.801388 -3.67627 3 0.0702659 0.0901455 44
6 0.539 -0.8 0 -0.0941286 -0.801388 -3.67627 3 0.0702659 0.0901455 31
6 0.539 -0.8 0 -0.0941286 -0.801388 -3.67627 3 0.108183 0.0901455 36
6 0.539 -0.8 0 -0.0941286 -0.801388 -3.67627 3 0.108183 0.0901455 49
6 0.539 -0.8 0 -0.0941286 -0.801388 -3.67627 3 0.108183 0.0901455 42
6 0.539 -0.8 0 -0.0941286 -0.801388 -3.67627 3 0.14638 0.0901455 142
6 0.539 -0.8 0 -0.0941286 -0.801388 -3.67627 3 0.14638 0.0901455 545
6 0.539 -0.8 0 -0.0941286 -0.801388 -3.67627 3 0.14638 0.0901455 88
6 0.539 -0.8 0 -0.0941286 -0.801388 -3.67627 3 0.14638 0.0901455 20
6 0.539 -0.8 0 -0.0941286 -0.801388 -3.67627 3 0.221529 0.0901455 22
6 0.539 -0.8 0 -0.0941286 -0.801388 -3.67627 3 0.221529 0.0901455 25
6 0.539 -0.8 0 -0.0941286 -0.801388 -3.67627 3 0.260472 0.0901455 34
6 0.539 -0.8 0 -0.0941286 -0.801388 -3.67627 3 0.260472 0.0901455 21
6 0.539 -0.8 0 -0.0941286 -0.801388 -3.67627 3 0.260472 0.0901455 28
6 0.539 -0.8 0 -0.0941286 -0.801388 -3.67627 3 0.260472 0.0901455 20
6 0.539 -0.8 0 -0.0941286 -0.801388 -3.67627 3 0.297954 0.0901455 36
6 0.539 -0.8 0 -0.0941286 -0.801388 -3.67627 3 0.297954 0.0901455 535
6 0.539 -0.8 0 -0.0941286 -0.801388 -3.67627 3 0.297954 0.0901455 680
6 0.539 -0.8 0 -0.0941286 -0.801388 -3.67627 3 0.335404 0.0901455 31
6 0.539 -0.8 0 -0.0941286 -0.801388 -3.67627 3 0.373414 0.0901455 24
6 0.539 -0.8 0 -0.0941286 -0.801388 -3.67627 3 0.373414 0.0901455 22
6 0.539 -0.8 0 -0.0941286 -0.801388 -3.67627 3 0.410895 0.0901455 20
6 0.539 -0.8 0 -0.0941286 -0.801388 -3.67627 3 0.448315 0.0901455 32
6 0.539 -0.8 0 -0.0941286 -0.801388 -3.67627 3 0.448315 0.0901455 26
6 0.539 -0.8 0 -0.0941286 -0.801388 -3.67627 3 0.560883 0.0901455 20
6 0.539 -0.8 0 -0.0941286 -0.801388 -3.67627 3 0.598271 0.0901455 20
6 0.539 -0.8 0 -0.0941286 -0.801388 -3.67627 3 0.673576 0.0901455 32
6 0.539 -0.8 0 -0.0941286 -0.801388 -3.67627 3 0.770437 0.0901455 22
6 0.539 -0.8 0 -0.0941286 -0.801388 -3.67627 3 0.770437 0.0901455 24
6 0.539 -0.8 0 -0.0941286 -0.801388 -3.67627 3 0.783159 0.0901455 24
6 0.539 -0.8 0 -0.0941286 -0.801388 -3.67627 3 0.783159 0.0901455 23
6 0.539 -0.8 0 -0.0941286 -0.801388 -3.67627 3 0.783159 0.0901455 22
6 0.539 -0.8 0 -0.0941286 -0.801388 -3.67627 3 0.785398 0.0901455 22
6 0.539 -0.8 0 -0.0941286 -0.801388 -3.67627 3 0.785398 0.0901455 22
6 0.539 -0.8 0 -0.0941286 -0.801388 -3.67627 3 0.785398 0.0901455 22
6 0.539 -0.8 0 -0.0941286 -0.801388 -3.67627 3 0.785398 0.0901455 22
6 0.539 -0.8 0 -0.0941286 -0.801388 -3.67627 3 0.785398 0.0901455 22
6 0.539 -0.8 0 -0.0941286 -0.801388 -3.67627 3 0.785398 0.0901455 22
6 0.539 -0.8 0 -0.0941286 -0.801388 -3.67627 3 0.785398 0.0901455 22
6 0.539 -0.8 0 -0.0941286 -0.801388 -3.67627 3 0.785398 0.0901455 22
6 0.539 -0.8 0 -0.0941286 -0.801388 -3.67627 3 0.785398 0.0901455 22
6 0.539 -0.8 0 -0.0941286 -0.801388 -3.67627 3 0.785398 0.0901455 22
6 0.539 -0.8 0 -0.0941286 -0.801388 -3.67627 3 0.785398 0.0901455 23
6 0.539 -0.8 0 -0.0941286 -0.801388 -3.67627 3 0.783563 0.0901455 22
6 0.539 -0.8 0 -0.0941286 -0.801388 -3.67627 3 0.783563 0.0901455 22
6 0.539 -0.8 0 -0.0941286 -0.801388 -3.67627 3 0.713764 0.0901455 22
6 0.539 -0.8 0 -0.0941286 -0.801388 -3.67627 3 0.713764 0.0901455 32
6 0.539 -0.8 0 -0.0941286 -0.801388 -3.67627 3 0.713764 0.0901455 21
6 0.539 -0.8 0 -0.0941286 -0.801388 -3.67627 3 0.487009 0.0901455 21
6 0.539 -0.8 0 -0.0941286 -0.801388 -3.67627 3 0.487009 0.0901455 44
6 0.539 -0.8 0 -0.0941286 -0.801388 -3.67627 3 0.448719 0.0901455 27
6 0.539 -0.8 0 -0.0941286 -0.801388 -3.67627 3 0.411113 0.0901455 24
6 0.539 -0.8 0 -0.0941286 -0.801388 -3.67627 3 0.335902 0.0901455 436
6 0.539 -0.8 0 -0.0941286 -0.801388 -3.67627 3 0.335902 0.0901455 739
6 0.539 -0.8 0 -0.0941286 -0.801388 -3.67627 3 0.335902 0.0901455 99
6 0.539 -0.8 0 -0.0941286 -0.801388 -3.67627 3 0.335902 0.0901455 20
6 0.539 -0.8 0 -0.0941286 -0.801388 -3.67627 3 0.298482 0.0901455 29
6 0.539 -0.8 0 -0.0941286 -0.801388 -3.67627 3 0.298482 0.0901455 30
6 0.539 -0.8 0 -0.0941286 -0.801388 -3.67627 3 0.298482 0.0901455 35
6 0.539 -0.8 0 -0.0941286 -0.801388 -3.67627 3 0.26069 0.0901455 21
6 0.539 -0.8 0 -0.0941286 -0.801388 -3.67627 3 0.26069 0.0901455 30
6 0.539 -0.8 0 -0.0941286 -0.801388 -3.67627 3 0.26069 0.0901455 20
6 0.539 -0.8 0 -0.0941286 -0.801388 -3.67627 3 0.222929 0.0901455 25
6 0.539 -0.8 0 -0.0941286 -0.801388 -3.67627 3 0.222929 0.0901455 23
6 0.539 -0.8 0 -0.0941286 -0.801388 -3.67627 3 0.185385 0.0901455 23
6 0.539 -0.8 0 -0.0941286 -0.801388 -3.67627 3 0.185385 0.0901455 52
6 0.539 -0.8 0 -0.0941286 -0.801388 -3.67627 3 0.185385 0.0901455 473
6 0.539 -0.8 0 -0.0941286 -0.801388 -3.67627 3 0.185385 0.0901455 235
6 0.539 -0.8 0 -0.0941286 -0.801388 -3.67627 3 0.14781 0.0901455 51
6 0.539 -0.8 0 -0.0941286 -0.801388 -3.67627 3 0.14781 0.0901455 40
6 0.539 -0.8 0 -0.0941286 -0.801388 -3.67627 3 0.14781 0.0901455 35
6 0.539 -0.8 0 -0.0941286 -0.801388 -3.67627 3 0.14781 0.0901455 21
6 0.539 -0.8 0 -0.0941286 -0.801388 -3.67627 3 0.109925 0.0901455 47
6 0.539 -0.8 0 -0.0941286 -0.801388 -3.67627 3 0.0720389 0.0901455 29
6 0.539 -0.8 0 -0.0941286 -0.801388 -3.67627 3 0.0720389 0.0901455 24
6 0.539 -0.8 0 -0.0941286 -0.801388 -3.67627 3 0.0345575 0.0901455 20
6 0.539 -0.8 0 -0.0941286 -0.801388 -3.67627 3 0.0345575 0.0901455 21
6 0.539 -0.8 0 -0.0941286 -0.801388 -3.67627 3 -0.00286165 0.0901455 25
6 0.539 -0.8 0 -0.0941286 -0.801388 -3.67627 3 -0.0402808 0.0901455 20
6 0.539 -0.8 0 -0.0941286 -0.801388 -3.67627 3 -0.152041 0.0901455 22
7 8.539 0.7 0 7.91614 0.685793 -4.36843 3 -0.452016 0.0901455 24
7 8.539 0.7 0 7.91614 0.685793 -4.36843 3 -0.264547 0.0901455 21
7 8.539 0.7 0 7.91614 0.685793 -4.36843 3 -0.264547 0.0901455 21
7 8.539 0.7 0 7.91614 0.685793 -4.36843 3 -0.227159 0.0901455 82
7 8.539 0.7 0 7.91614 0.685793 -4.36843 3 -0.227159 0.0901455 20
7 8.539 0.7 0 7.91614 0.685793 -4.36843 3 -0.189553 0.0901455 20
7 8.539 0.7 0 7.91614 0.685793 -4.36843 3 -0.152383 0.0901455 22
7 8.539 0.7 0 7.91614 0.685793 -4.36843 3 -0.152383 0.0901455 21
7 8.539 0.7 0 7.91614 0.685793 -4.36843 3 -0.152383 0.0901455 25
7 8.539 0.7 0 7.91614 0.685793 -4.36843 3 -0.11515 0.0901455 28
7 8.539 0.7 0 7.91614 0.685793 -4.36843 3 -0.11515 0.0901455 25
7 8.539 0.7 0 7.91614 0.685793 -4.36843 3 -0.11515 0.0901455 28
7 8.539 0.7 0 7.91614 0.685793 -4.36843 3 -0.11515 0.0901455 20
7 8.539 0.7 0 7.91614 0.685793 -4.36843 3 -0.0405919 0.0901455 26
7 8.539 0.7 0 7.91614 0.685793 -4.36843 3 0.0347753 0.0901455 30
7 8.539 0.7 0 7.91614 0.685793 -4.36843 3 0.0347753 0.0901455 21
7 8.539 0.7 0 7.91614 0.685793 -4.36843 3 0.0347753 0.0901455 31
7 8.539 0.7 0 7.91614 0.685793 -4.36843 3 0.0347753 0.0901455 28
7 8.539 0.7 0 7.91614 0.685793 -4.36843 3 0.0724433 0.0901455 22
7 8.539 0.7 0 7.91614 0.685793 -4.36843 3 0.0724433 0.0901455 28
7 8.539 0.7 0 7.91614 0.685793 -4.36843 3 0.11036 0.0901455 33
7 8.539 0.7 0 7.91614 0.685793 -4.36843 3 0.11036 0.0901455 23
7 8.539 0.7 0 7.91614 0.685793 -4.36843 3 0.11036 0.0901455 46
7 8.539 0.7 0 7.91614 0.685793 -4.36843 3 0.11036 0.0901455 879
7 8.539 0.7 0 7.91614 0.685793 -4.36843 3 0.147841 0.0901455 1826
7 8.539 0.7 0 7.91614 0.685793 -4.36843 3 0.147841 0.0901455 53
7 8.539 0.7 0 7.91614 0.685793 -4.36843 3 0.147841 0.0901455 27
7 8.539 0.7 0 7.91614 0.685793 -4.36843 3 0.147841 0.0901455 31
7 8.539 0.7 0 7.91614 0.685793 -4.36843 3 0.185323 0.0901455 34
7 8.539 0.7 0 7.91614 0.685793 -4.36843 3 0.185323 0.0901455 22
7 8.539 0.7 0 7.91614 0.685793 -4.36843 3 0.185323 0.0901455 24
7 8.539 0.7 0 7.91614 0.685793 -4.36843 3 0.222866 0.0901455 25
7 8.539 0.7 0 7.91614 0.685793 -4.36843 3 0.222866 0.0901455 21
7 8.539 0.7 0 7.91614 0.685793 -4.36843 3 0.222866 0.0901455 22
7 8.539 0.7 0 7.91614 0.685793 -4.36843 3 0.411984 0.0901455 38
7 8.539 0.7 0 7.91614 0.685793 -4.36843 3 0.48704 0.0901455 20
7 8.539 0.7 0 7.91614 0.685793 -4.36843 3 0.48704 0.0901455 30
7 8.539 0.7 0 7.91614 0.685793 -4.36843 3 0.48704 0.0901455 25
7 8.539 0.7 0 7.91614 0.685793 -4.36843 3 0.524677 0.0901455 24
7 8.539 0.7 0 7.91614 0.685793 -4.36843 3 0.56219 0.0901455 21
7 8.539 0.7 0 7.91614 0.685793 -4.36843 3 0.783563 0.0901455 21
8 17.039 1.2 0 16.4334 1.17547 1.37006 3 -0.413882 0.0901455 21
8 17.039 1.2 0 16.4334 1.17547 1.37006 3 -0.413882 0.0901455 21
8 17.039 1.2 0 16.4334 1.17547 1.37006 3 -0.375778 0.0901455 21
8 17.039 1.2 0 16.4334 1.17547 1.37006 3 -0.375778 0.0901455 21
8 17.039 1.2 0 16.4334 1.17547 1.37006 3 -0.338546 0.0901455 20
8 17.039 1.2 0 16.4334 1.17547 1.37006 3 -0.338546 0.0901455 20
8 17.039 1.2 0 16.4334 1.17547 1.37006 3 -0.338546 0.0901455 20
8 17.039 1.2 0 16.4334 1.17547 1.37006 3 -0.338546 0.0901455 20
8 17.039 1.2 0 16.4334 1.17547 1.37006 3 -0.300784 0.0901455 20
8 17.039 1.2 0 16.4334 1.17547 1.37006 3 -0.300784 0.0901455 20
8 17.039 1.2 0 16.4334 1.17547 1.37006 3 -0.262961 0.0901455 20
8 17.039 1.2 0 16.4334 1.17547 1.37006 3 -0.262961 0.0901455 20
8 17.039 1.2 0 16.4334 1.17547 1.37006 3 -0.262961 0.0901455 24
8 17.039 1.2 0 16.4334 1.17547 1.37006 3 -0.225759 0.0901455 21
8 17.039 1.2 0 16.4334 1.17547 1.37006 3 -0.225759 0.0901455 23
8 17.039 1.2 0 16.4334 1.17547 1.37006 3 -0.225759 0.0901455 21
8 17.039 1.2 0 16.4334 1.17547 1.37006 3 -0.188433 0.0901455 20
8 17.039 1.2 0 16.4334 1.17547 1.37006 3 -0.188433 0.0901455 34
8 17.039 1.2 0 16.4334 1.17547 1.37006 3 -0.151139 0.0901455 31
8 17.039 1.2 0 16.4334 1.17547 1.37006 3 0.0362372 0.0901455 21
8 17.039 1.2 0 16.4334 1.17547 1.37006 3 0.0738119 0.0901455 20
8 17.039 1.2 0 16.4334 1.17547 1.37006 3 0.148744 0.0901455 21
8 17.039 1.2 0 16.4334 1.17547 1.37006 3 0.223675 0.0901455 28
8 17.039 1.2 0 16.4334 1.17547 1.37006 3 0.223675 0.0901455 25
8 17.039 1.2 0 16.4334 1.17547 1.37006 3 0.299353 0.0901455 182
8 17.039 1.2 0 16.4334 1.17547 1.37006 3 0.299353 0.0901455 4487
8 17.039 1.2 0 16.4334 1.17547 1.37006 3 0.337892 0.0901455 4266
8 17.039 1.2 0 16.4334 1.17547 1.37006 3 0.337892 0.0901455 4227
8 17.039 1.2 0 16.4334 1.17547 1.37006 3 0.337892 0.0901455 4378
8 17.039 1.2 0 16.4334 1.17547 1.37006 3 0.337892 0.0901455 4061
8 17.039 1.2 0 16.4334 1.17547 1.37006 3 0.375436 0.0901455 276
8 17.039 1.2 0 16.4334 1.17547 1.37006 3 0.375436 0.0901455 68
8 17.039 1.2 0 16.4334 1.17547 1.37006 3 0.748819 0.0901455 21
8 17.039 1.2 0 16.4334 1.17547 1.37006 3 0.412668 0.0901455 80
8 17.039 1.2 0 16.4334 1.17547 1.37006 3 0.412668 0.0901455 295
8 17.039 1.2 0 16.4334 1.17547 1.37006 3 0.375156 0.0901455 4330
8 17.039 1.2 0 16.4334 1.17547 1.37006 3 0.375156 0.0901455 4349
8 17.039 1.2 0 16.4334 1.17547 1.37006 3 0.375156 0.0901455 4292
8 17.039 1.2 0 16.4334 1.17547 1.37006 3 0.375156 0.0901455 4416
8 17.039 1.2 0 16.4334 1.17547 1.37006 3 0.337208 0.0901455 4334
8 17.039 1.2 0 16.4334 1.17547 1.37006 3 0.337208 0.0901455 160
8 17.039 1.2 0 16.4334 1.17547 1.37006 3 0.261872 0.0901455 23
8 17.039 1.2 0 16.4334 1.17547 1.37006 3 0.186567 0.0901455 20
8 17.039 1.2 0 16.4334 1.17547 1.37006 3 0.111324 0.0901455 21
8 17.039 1.2 0 16.4334 1.17547 1.37006 3 0.073843 0.0901455 21
8 17.039 1.2 0 16.4334 1.17547 1.37006 3 -0.113999 0.0901455 24
8 17.039 1.2 0 16.4334 1.17547 1.37006 3 -0.151667 0.0901455 37
8 17.039 1.2 0 16.4334 1.17547 1.37006 3 -0.189615 0.0901455 21
8 17.039 1.2 0 16.4334 1.17547 1.37006 3 -0.189615 0.0901455 22
8 17.039 1.2 0 16.4334 1.17547 1.37006 3 -0.22719 0.0901455 22
8 17.039 1.2 0 16.4334 1.17547 1.37006 3 -0.22719 0.0901455 22
8 17.039 1.2 0 16.4334 1.17547 1.37006 3 -0.22719 0.0901455 20
8 17.039 1.2 0 16.4334 1.17547 1.37006 3 -0.26464 0.0901455 20
8 17.039 1.2 0 16.4334 1.17547 1.37006 3 -0.26464 0.0901455 20
8 17.039 1.2 0 16.4334 1.17547 1.37006 3 -0.339665 0.0901455 20
8 17.039 1.2 0 16.4334 1.17547 1.37006 3 -0.339665 0.0901455 21
8 17.039 1.2 0 16.4334 1.17547 1.37006 3 -0.339665 0.0901455 21
8 17.039 1.2 0 16.4334 1.17547 1.37006 3 -0.377053 0.0901455 20
8 17.039 1.2 0 16.4334 1.17547 1.37006 3 -0.377053 0.0901455 22
8 17.039 1.2 0 16.4334 1.17547 1.37006 3 -0.377053 0.0901455 24
8 17.039 1.2 0 16.4334 1.17547 1.37006 3 -0.414348 0.0901455 20
9 16.539 1.7 -90 16.4117 1.21575 -87.5299 3 0.746673 0.0901455 24
9 16.539 1.7 -90 16.4117 1.21575 -87.5299 3 0.755102 0.0901455 22
10 -14.961 -0.8 180 -14.4279 -0.879383 -177.269 3 -0.526512 0.0901455 20
10 -14.961 -0.8 180 -14.4279 -0.879383 -177.269 3 -0.489342 0.0901455 23
10 -14.961 -0.8 180 -14.4279 -0.879383 -177.269 3 -0.489342 0.0901455 28
10 -14.961 -0.8 180 -14.4279 -0.879383 -177.269 3 -0.451985 0.0901455 22
10 -14.961 -0.8 180 -14.4279 -0.879383 -177.269 3 -0.451985 0.0901455 41
10 -14.961 -0.8 180 -14.4279 -0.879383 -177.269 3 -0.414721 0.0901455 22
10 -14.961 -0.8 180 -14.4279 -0.879383 -177.269 3 -0.376618 0.0901455 32
10 -14.961 -0.8 180 -14.4279 -0.879383 -177.269 3 -0.376618 0.0901455 22
10 -14.961 -0.8 180 -14.4279 -0.879383 -177.269 3 -0.376618 0.0901455 22
10 -14.961 -0.8 180 -14.4279 -0.879383 -177.269 3 -0.339323 0.0901455 23
10 -14.961 -0.8 180 -14.4279 -0.879383 -177.269 3 -0.339323 0.0901455 21
10 -14.961 -0.8 180 -14.4279 -0.879383 -177.269 3 -0.264329 0.0901455 20
10 -14.961 -0.8 180 -14.4279 -0.879383 -177.269 3 -0.264329 0.0901455 21
10 -14.961 -0.8 180 -14.4279 -0.879383 -177.269 3 -0.264329 0.0901455 27
10 -14.961 -0.8 180 -14.4279 -0.879383 -177.269 3 -0.226692 0.0901455 29
10 -14.961 -0.8 180 -14.4279 -0.879383 -177.269 3 -0.226692 0.0901455 21
10 -14.961 -0.8 180 -14.4279 -0.879383 -177.269 3 -0.189335 0.0901455 24
10 -14.961 -0.8 180 -14.4279 -0.879383 -177.269 3 -0.151139 0.0901455 21
10 -14.961 -0.8 180 -14.4279 -0.879383 -177.269 3 -0.113906 0.0901455 25
10 -14.961 -0.8 180 -14.4279 -0.879383 -177.269 3 -0.113906 0.0901455 20
10 -14.961 -0.8 180 -14.4279 -0.879383 -177.269 3 -0.113906 0.0901455 22
10 -14.961 -0.8 180 -14.4279 -0.879383 -177.269 3 -0.113906 0.0901455 21
10 -14.961 -0.8 180 -14.4279 -0.879383 -177.269 3 -0.0766424 0.0901455 27
10 -14.961 -0.8 180 -14.4279 -0.879383 -177.269 3 -0.0766424 0.0901455 23
10 -14.961 -0.8 180 -14.4279 -0.879383 -177.269 3 -0.0393477 0.0901455 22
10 -14.961 -0.8 180 -14.4279 -0.879383 -177.269 3 -0.0393477 0.0901455 22
10 -14.961 -0.8 180 -14.4279 -0.879383 -177.269 3 -0.0393477 0.0901455 22
10 -14.961 -0.8 180 -14.4279 -0.879383 -177.269 3 -0.0393477 0.0901455 21
10 -14.961 -0.8 180 -14.4279 -0.879383 -177.269 3 -0.00143082 0.0901455 23
10 -14.961 -0.8 180 -14.4279 -0.879383 -177.269 3 -0.00143082 0.0901455 24
10 -14.961 -0.8 180 -14.4279 -0.879383 -177.269 3 0.0360817 0.0901455 20
10 -14.961 -0.8 180 -14.4279 -0.879383 -177.269 3 0.0742162 0.0901455 23
10 -14.961 -0.8 180 -14.4279 -0.879383 -177.269 3 0.0742162 0.0901455 31
10 -14.961 -0.8 180 -14.4279 -0.879383 -177.269 3 0.11176 0.0901455 23
10 -14.961 -0.8 180 -14.4279 -0.879383 -177.269 3 0.11176 0.0901455 22
10 -14.961 -0.8 180 -14.4279 -0.879383 -177.269 3 0.11176 0.0901455 21
10 -14.961 -0.8 180 -14.4279 -0.879383 -177.269 3 0.11176 0.0901455 20
10 -14.961 -0.8 180 -14.4279 -0.879383 -177.269 3 0.149335 0.0901455 23
10 -14.961 -0.8 180 -14.4279 -0.879383 -177.269 3 0.186723 0.0901455 23
10 -14.961 -0.8 180 -14.4279 -0.879383 -177.269 3 0.224328 0.0901455 23
10 -14.961 -0.8 180 -14.4279 -0.879383 -177.269 3 0.221871 0.0901455 22
10 -14.961 -0.8 180 -14.4279 -0.879383 -177.269 3 0.184203 0.0901455 20
10 -14.961 -0.8 180 -14.4279 -0.879383 -177.269 3 0.184203 0.0901455 22
10 -14.961 -0.8 180 -14.4279 -0.879383 -177.269 3 0.146753 0.0901455 20
10 -14.961 -0.8 180 -14.4279 -0.879383 -177.269 3 0.146753 0.0901455 21
10 -14.961 -0.8 180 -14.4279 -0.879383 -177.269 3 0.146753 0.0901455 23
10 -14.961 -0.8 180 -14.4279 -0.879383 -177.269 3 0.10924 0.0901455 26
10 -14.961 -0.8 180 -14.4279 -0.879383 -177.269 3 0.10924 0.0901455 35
10 -14.961 -0.8 180 -14.4279 -0.879383 -177.269 3 0.071759 0.0901455 20
10 -14.961 -0.8 180 -14.4279 -0.879383 -177.269 3 0.071759 0.0901455 25
10 -14.961 -0.8 180 -14.4279 -0.879383 -177.269 3 0.0342154 0.0901455 23
10 -14.961 -0.8 180 -14.4279 -0.879383 -177.269 3 -0.00342154 0.0901455 24
10 -14.961 -0.8 180 -14.4279 -0.879383 -177.269 3 -0.00342154 0.0901455 21
10 -14.961 -0.8 180 -14.4279 -0.879383 -177.269 3 -0.0407474 0.0901455 20
10 -14.961 -0.8 180 -14.4279 -0.879383 -177.269 3 -0.0407474 0.0901455 22
10 -14.961 -0.8 180 -14.4279 -0.879383 -177.269 3 -0.0407474 0.0901455 22
10 -14.961 -0.8 180 -14.4279 -0.879383 -177.269 3 -0.0407474 0.0901455 24
10 -14.961 -0.8 180 -14.4279 -0.879383 -177.269 3 -0.0779177 0.0901455 26
10 -14.961 -0.8 180 -14.4279 -0.879383 -177.269 3 -0.0779177 0.0901455 24
10 -14.961 -0.8 180 -14.4279 -0.879383 -177.269 3 -0.115181 0.0901455 20
10 -14.961 -0.8 180 -14.4279 -0.879383 -177.269 3 -0.115181 0.0901455 20
10 -14.961 -0.8 180 -14.4279 -0.879383 -177.269 3 -0.152663 0.0901455 26
10 -14.961 -0.8 180 -14.4279 -0.879383 -177.269 3 -0.152663 0.0901455 23
10 -14.961 -0.8 180 -14.4279 -0.879383 -177.269 3 -0.190269 0.0901455 20
10 -14.961 -0.8 180 -14.4279 -0.879383 -177.269 3 -0.227843 0.0901455 24
10 -14.961 -0.8 180 -14.4279 -0.879383 -177.269 3 -0.227843 0.0901455 28
10 -14.961 -0.8 180 -14.4279 -0.879383 -177.269 3 -0.227843 0.0901455 22
10 -14.961 -0.8 180 -14.4279 -0.879383 -177.269 3 -0.265573 0.0901455 22
10 -14.961 -0.8 180 -14.4279 -0.879383 -177.269 3 -0.265573 0.0901455 20
10 -14.961 -0.8 180 -14.4279 -0.879383 -177.269 3 -0.30293 0.0901455 20
10 -14.961 -0.8 180 -14.4279 -0.879383 -177.269 3 -0.30293 0.0901455 25
10 -14.961 -0.8 180 -14.4279 -0.879383 -177.269 3 -0.34063 0.0901455 22
10 -14.961 -0.8 180 -14.4279 -0.879383 -177.269 3 -0.377986 0.0901455 29
10 -14.961 -0.8 180 -14.4279 -0.879383 -177.269 3 -0.415903 0.0901455 23
10 -14.961 -0.8 180 -14.4279 -0.879383 -177.269 3 -0.490773 0.0901455 28
10 -14.961 -0.8 180 -14.4279 -0.879383 -177.269 3 -0.490773 0.0901455 20
10 -14.961 -0.8 180 -14.4279 -0.879383 -177.269 3 -0.490773 0.0901455 24
10 -14.961 -0.8 180 -14.4279 -0.879383 -177.269 3 -0.749814 0.0901455 22
10 -14.961 -0.8 180 -14.4279 -0.879383 -177.269 3 -0.749814 0.0901455 25
10 -14.961 -0.8 180 -14.4279 -0.879383 -177.269 3 -0.77249 0.0901455 21
11 -19.461 -1.3 -90 -18.8261 -1.31108 -97.2789 3 -0.566669 0.0901455 24
11 -19.461 -1.3 -90 -18.8261 -1.31108 -97.2789 3 -0.417054 0.0901455 20
11 -19.461 -1.3 -90 -18.8261 -1.31108 -97.2789 3 -0.379355 0.0901455 27
12 -19.461 -1.3 0 -18.8433 -1.32024 -1.18565 3 -0.451176 0.0901455 20
12 -19.461 -1.3 0 -18.8433 -1.32024 -1.18565 3 -0.376431 0.0901455 20
12 -19.461 -1.3 0 -18.8433 -1.32024 -1.18565 3 -0.338514 0.0901455 21
12 -19.461 -1.3 0 -18.8433 -1.32024 -1.18565 3 -0.226381 0.0901455 27
12 -19.461 -1.3 0 -18.8433 -1.32024 -1.18565 3 -0.00199071 0.0901455 27
12 -19.461 -1.3 0 -18.8433 -1.32024 -1.18565 3 0.0356151 0.0901455 37
12 -19.461 -1.3 0 -18.8433 -1.32024 -1.18565 3 0.0356151 0.0901455 42
12 -19.461 -1.3 0 -18.8433 -1.32024 -1.18565 3 0.0356151 0.0901455 42
12 -19.461 -1.3 0 -18.8433 -1.32024 -1.18565 3 0.0356151 0.0901455 31
12 -19.461 -1.3 0 -18.8433 -1.32024 -1.18565 3 0.0730343 0.0901455 33
12 -19.461 -1.3 0 -18.8433 -1.32024 -1.18565 3 0.0730343 0.0901455 36
12 -19.461 -1.3 0 -18.8433 -1.32024 -1.18565 3 0.0730343 0.0901455 27
12 -19.461 -1.3 0 -18.8433 -1.32024 -1.18565 3 0.110827 0.0901455 29
12 -19.461 -1.3 0 -18.8433 -1.32024 -1.18565 3 0.148277 0.0901455 25
12 -19.461 -1.3 0 -18.8433 -1.32024 -1.18565 3 0.148277 0.0901455 31
12 -19.461 -1.3 0 -18.8433 -1.32024 -1.18565 3 0.185696 0.0901455 26
12 -19.461 -1.3 0 -18.8433 -1.32024 -1.18565 3 0.26097 0.0901455 26
12 -19.461 -1.3 0 -18.8433 -1.32024 -1.18565 3 0.26097 0.0901455 26
12 -19.461 -1.3 0 -18.8433 -1.32024 -1.18565 3 0.26097 0.0901455 28
12 -19.461 -1.3 0 -18.8433 -1.32024 -1.18565 3 0.374036 0.0901455 26
12 -19.461 -1.3 0 -18.8433 -1.32024 -1.18565 3 0.411922 0.0901455 25
12 -19.461 -1.3 0 -18.8433 -1.32024 -1.18565 3 0.411922 0.0901455 24
12 -19.461 -1.3 0 -18.8433 -1.32024 -1.18565 3 0.599889 0.0901455 30
12 -19.461 -1.3 0 -18.8433 -1.32024 -1.18565 3 0.6751 0.0901455 23
13 -20.461 -1.8 180 -19.8626 -1.78729 175.284 3 -0.783594 0.0901455 21
13 -20.461 -1.8 180 -19.8626 -1.78729 175.284 3 -0.305637 0.0901455 20
13 -20.461 -1.8 180 -19.8626 -1.78729 175.284 3 -0.268311 0.0901455 28
13 -20.461 -1.8 180 -19.8626 -1.78729 175.284 3 -0.230736 0.0901455 22
13 -20.461 -1.8 180 -19.8626 -1.78729 175.284 3 -0.19341 0.0901455 31
13 -20.461 -1.8 180 -19.8626 -1.78729 175.284 3 -0.19341 0.0901455 27
13 -20.461 -1.8 180 -19.8626 -1.78729 175.284 3 -0.156115 0.0901455 28
13 -20.461 -1.8 180 -19.8626 -1.78729 175.284 3 -0.156115 0.0901455 23
13 -20.461 -1.8 180 -19.8626 -1.78729 175.284 3 -0.156115 0.0901455 20
13 -20.461 -1.8 180 -19.8626 -1.78729 175.284 3 -0.118821 0.0901455 26
13 -20.461 -1.8 180 -19.8626 -1.78729 175.284 3 -0.0815259 0.0901455 23
13 -20.461 -1.8 180 -19.8626 -1.78729 175.284 3 -0.0815259 0.0901455 23
13 -20.461 -1.8 180 -19.8626 -1.78729 175.284 3 -0.0442622 0.0901455 20
13 -20.461 -1.8 180 -19.8626 -1.78729 175.284 3 -0.0442622 0.0901455 27
13 -20.461 -1.8 180 -19.8626 -1.78729 175.284 3 -0.00687418 0.0901455 24
13 -20.461 -1.8 180 -19.8626 -1.78729 175.284 3 -0.00687418 0.0901455 22
13 -20.461 -1.8 180 -19.8626 -1.78729 175.284 3 -0.00687418 0.0901455 22
13 -20.461 -1.8 180 -19.8626 -1.78729 175.284 3 0.0686796 0.0901455 20
13 -20.461 -1.8 180 -19.8626 -1.78729 175.284 3 0.106161 0.0901455 20
13 -20.461 -1.8 180 -19.8626 -1.78729 175.284 3 0.144202 0.0901455 22
13 -20.461 -1.8 180 -19.8626 -1.78729 175.284 3 0.258108 0.0901455 24
13 -20.461 -1.8 180 -19.8626 -1.78729 175.284 3 0.258108 0.0901455 21
13 -20.461 -1.8 180 -19.8626 -1.78729 175.284 3 0.258108 0.0901455 23
13 -20.461 -1.8 180 -19.8626 -1.78729 175.284 3 0.333133 0.0901455 21
13 -20.461 -1.8 180 -19.8626 -1.78729 175.284 3 0.333133 0.0901455 24
13 -20.461 -1.8 180 -19.8626 -1.78729 175.284 3 0.408438 0.0901455 24
13 -20.461 -1.8 180 -19.8626 -1.78729 175.284 3 0.445888 0.0901455 27
13 -20.461 -1.8 180 -19.8626 -1.78729 175.284 3 0.483401 0.0901455 23
13 -20.461 -1.8 180 -19.8626 -1.78729 175.284 3 0.520913 0.0901455 23
13 -20.461 -1.8 180 -19.8626 -1.78729 175.284 3 0.520913 0.0901455 23
14 -27.961 -2.3 -90 -27.3604 -2.19049 -93.5733 3 -0.00625208 0.0901455 657
14 -27.961 -2.3 -90 -27.3604 -2.19049 -93.5733 3 -0.00625208 0.0901455 712
14 -27.961 -2.3 -90 -27.3604 -2.19049 -93.5733 3 0.0320691 0.0901455 172
14 -27.961 -2.3 -90 -27.3604 -2.19049 -93.5733 3 0.0320691 0.0901455 38
14 -27.961 -2.3 -90 -27.3604 -2.19049 -93.5733 3 0.0320691 0.0901455 21
14 -27.961 -2.3 -90 -27.3604 -2.19049 -93.5733 3 0.069706 0.0901455 21
14 -27.961 -2.3 -90 -27.3604 -2.19049 -93.5733 3 0.069706 0.0901455 38
14 -27.961 -2.3 -90 -27.3604 -2.19049 -93.5733 3 0.107187 0.0901455 151
14 -27.961 -2.3 -90 -27.3604 -2.19049 -93.5733 3 0.107187 0.0901455 28
14 -27.961 -2.3 -90 -27.3604 -2.19049 -93.5733 3 0.146131 0.0901455 36
14 -27.961 -2.3 -90 -27.3604 -2.19049 -93.5733 3 0.146131 0.0901455 200
14 -27.961 -2.3 -90 -27.3604 -2.19049 -93.5733 3 0.146131 0.0901455 54
14 -27.961 -2.3 -90 -27.3604 -2.19049 -93.5733 3 0.222275 0.0901455 21
14 -27.961 -2.3 -90 -27.3604 -2.19049 -93.5733 3 0.259695 0.0901455 21
15 -28.961 -4.8 0 -28.6639 -4.3115 -4.31528 3 -0.0401564 0.0901455 23
15 -28.961 -4.8 0 -28.6639 -4.3115 -4.31528 3 0.0735941 0.0901455 22
15 -28.961 -4.8 0 -28.6639 -4.3115 -4.31528 3 0.148744 0.0901455 21
15 -28.961 -4.8 0 -28.6639 -4.3115 -4.31528 3 0.148744 0.0901455 23
15 -28.961 -4.8 0 -28.6639 -4.3115 -4.31528 3 0.412731 0.0901455 25
15 -28.961 -4.8 0 -28.6639 -4.3115 -4.31528 3 0.450523 0.0901455 29
15 -28.961 -4.8 0 -28.6639 -4.3115 -4.31528 3 0.564118 0.0901455 26
15 -28.961 -4.8 0 -28.6639 -4.3115 -4.31528 3 0.564118 0.0901455 26
15 -28.961 -4.8 0 -28.6639 -4.3115 -4.31528 3 0.601724 0.0901455 26
15 -28.961 -4.8 0 -28.6639 -4.3115 -4.31528 3 0.601724 0.0901455 22
15 -28.961 -4.8 0 -28.6639 -4.3115 -4.31528 3 0.601724 0.0901455 34
15 -28.961 -4.8 0 -28.6639 -4.3115 -4.31528 3 0.601724 0.0901455 25
15 -28.961 -4.8 0 -28.6639 -4.3115 -4.31528 3 0.639267 0.0901455 39
15 -28.961 -4.8 0 -28.6639 -4.3115 -4.31528 3 0.675069 0.0901455 22
15 -28.961 -4.8 0 -28.6639 -4.3115 -4.31528 3 0.675069 0.0901455 37
15 -28.961 -4.8 0 -28.6639 -4.3115 -4.31528 3 0.637183 0.0901455 31
15 -28.961 -4.8 0 -28.6639 -4.3115 -4.31528 3 0.637183 0.0901455 25
15 -28.961 -4.8 0 -28.6639 -4.3115 -4.31528 3 0.637183 0.0901455 20
15 -28.961 -4.8 0 -28.6639 -4.3115 -4.31528 3 0.637183 0.0901455 24
15 -28.961 -4.8 0 -28.6639 -4.3115 -4.31528 3 0.599391 0.0901455 23
15 -28.961 -4.8 0 -28.6639 -4.3115 -4.31528 3 0.561816 0.0901455 20
15 -28.961 -4.8 0 -28.6639 -4.3115 -4.31528 3 0.486356 0.0901455 25
15 -28.961 -4.8 0 -28.6639 -4.3115 -4.31528 3 0.448626 0.0901455 30
15 -28.961 -4.8 0 -28.6639 -4.3115 -4.31528 3 0.221964 0.0901455 21
15 -28.961 -4.8 0 -28.6639 -4.3115 -4.31528 3 0.183985 0.0901455 25
15 -28.961 -4.8 0 -28.6639 -4.3115 -4.31528 3 0.146286 0.0901455 20
15 -28.961 -4.8 0 -28.6639 -4.3115 -4.31528 3 0.146286 0.0901455 23
15 -28.961 -4.8 0 -28.6639 -4.3115 -4.31528 3 0.108525 0.0901455 20
15 -28.961 -4.8 0 -28.6639 -4.3115 -4.31528 3 -0.00441689 0.0901455 20
16 -25.961 -10.3 -90 -25.9131 -9.66267 -95.2786 3 -0.567042 0.0901455 26
16 -25.961 -10.3 -90 -25.9131 -9.66267 -95.2786 3 -0.304268 0.0901455 21
16 -25.961 -10.3 -90 -25.9131 -9.66267 -95.2786 3 -0.117608 0.0901455 25
16 -25.961 -10.3 -90 -25.9131 -9.66267 -95.2786 3 -0.0802195 0.0901455 26
16 -25.961 -10.3 -90 -25.9131 -9.66267 -95.2786 3 -0.00538114 0.0901455 44
16 -25.961 -10.3 -90 -25.9131 -9.66267 -95.2786 3 -0.00538114 0.0901455 22
16 -25.961 -10.3 -90 -25.9131 -9.66267 -95.2786 3 -0.00538114 0.0901455 40
16 -25.961 -10.3 -90 -25.9131 -9.66267 -95.2786 3 0.0321002 0.0901455 32
16 -25.961 -10.3 -90 -25.9131 -9.66267 -95.2786 3 0.0321002 0.0901455 80
16 -25.961 -10.3 -90 -25.9131 -9.66267 -95.2786 3 0.0696438 0.0901455 34
16 -25.961 -10.3 -90 -25.9131 -9.66267 -95.2786 3 0.0696438 0.0901455 30
16 -25.961 -10.3 -90 -25.9131 -9.66267 -95.2786 3 0.107094 0.0901455 24
16 -25.961 -10.3 -90 -25.9131 -9.66267 -95.2786 3 0.219445 0.0901455 22
16 -25.961 -10.3 -90 -25.9131 -9.66267 -95.2786 3 0.256926 0.0901455 53
16 -25.961 -10.3 -90 -25.9131 -9.66267 -95.2786 3 0.294283 0.0901455 38
16 -25.961 -10.3 -90 -25.9131 -9.66267 -95.2786 3 0.294283 0.0901455 39
16 -25.961 -10.3 -90 -25.9131 -9.66267 -95.2786 3 0.632767 0.0901455 26
17 -26.461 -12.3 0 -26.4216 -11.6173 -3.03682 3 0.337457 0.0901455 21
