19 -9.461 -13.3 90 -9.60902 -12.7511 88.2138 3 -0.771712 0.0901455 23
19 -9.461 -13.3 90 -9.60902 -12.7511 88.2138 3 -0.771712 0.0901455 21
19 -9.461 -13.3 90 -9.60902 -12.7511 88.2138 3 -0.526543 0.0901455 20
19 -9.461 -13.3 90 -9.60902 -12.7511 88.2138 3 -0.489155 0.0901455 25
19 -9.461 -13.3 90 -9.60902 -12.7511 88.2138 3 -0.489155 0.0901455 20
19 -9.461 -13.3 90 -9.60902 -12.7511 88.2138 3 -0.450896 0.0901455 21
19 -9.461 -13.3 90 -9.60902 -12.7511 88.2138 3 -0.450896 0.0901455 30
19 -9.461 -13.3 90 -9.60902 -12.7511 88.2138 3 -0.413664 0.0901455 21
19 -9.461 -13.3 90 -9.60902 -12.7511 88.2138 3 -0.376276 0.0901455 20
19 -9.461 -13.3 90 -9.60902 -12.7511 88.2138 3 -0.376276 0.0901455 28
19 -9.461 -13.3 90 -9.60902 -12.7511 88.2138 3 -0.338608 0.0901455 27
19 -9.461 -13.3 90 -9.60902 -12.7511 88.2138 3 -0.338608 0.0901455 24
19 -9.461 -13.3 90 -9.60902 -12.7511 88.2138 3 -0.338608 0.0901455 31
19 -9.461 -13.3 90 -9.60902 -12.7511 88.2138 3 -0.338608 0.0901455 34
19 -9.461 -13.3 90 -9.60902 -12.7511 88.2138 3 -0.301344 0.0901455 38
19 -9.461 -13.3 90 -9.60902 -12.7511 88.2138 3 -0.301344 0.0901455 47
19 -9.461 -13.3 90 -9.60902 -12.7511 88.2138 3 -0.301344 0.0901455 34
19 -9.461 -13.3 90 -9.60902 -12.7511 88.2138 3 -0.301344 0.0901455 28
19 -9.461 -13.3 90 -9.60902 -12.7511 88.2138 3 -0.264018 0.0901455 26
19 -9.461 -13.3 90 -9.60902 -12.7511 88.2138 3 -0.264018 0.0901455 38
19 -9.461 -13.3 90 -9.60902 -12.7511 88.2138 3 -0.264018 0.0901455 20
19 -9.461 -13.3 90 -9.60902 -12.7511 88.2138 3 -0.264018 0.0901455 27
19 -9.461 -13.3 90 -9.60902 -12.7511 88.2138 3 -0.226101 0.0901455 20
19 -9.461 -13.3 90 -9.60902 -12.7511 88.2138 3 -0.226101 0.0901455 40
19 -9.461 -13.3 90 -9.60902 -12.7511 88.2138 3 -0.226101 0.0901455 32
19 -9.461 -13.3 90 -9.60902 -12.7511 88.2138 3 -0.188433 0.0901455 34
19 -9.461 -13.3 90 -9.60902 -12.7511 88.2138 3 -0.188433 0.0901455 22
19 -9.461 -13.3 90 -9.60902 -12.7511 88.2138 3 -0.188433 0.0901455 30
19 -9.461 -13.3 90 -9.60902 -12.7511 88.2138 3 -0.188433 0.0901455 31
19 -9.461 -13.3 90 -9.60902 -12.7511 88.2138 3 -0.15117 0.0901455 22
19 -9.461 -13.3 90 -9.60902 -12.7511 88.2138 3 -0.15117 0.0901455 23
19 -9.461 -13.3 90 -9.60902 -12.7511 88.2138 3 -0.15117 0.0901455 26
19 -9.461 -13.3 90 -9.60902 -12.7511 88.2138 3 -0.0392233 0.0901455 22
19 -9.461 -13.3 90 -9.60902 -12.7511 88.2138 3 0.747979 0.0901455 23
19 -9.461 -13.3 90 -9.60902 -12.7511 88.2138 3 0.747979 0.0901455 25
19 -9.461 -13.3 90 -9.60902 -12.7511 88.2138 3 0.783594 0.0901455 20
19 -9.461 -13.3 90 -9.60902 -12.7511 88.2138 3 0.771494 0.0901455 20
19 -9.461 -13.3 90 -9.60902 -12.7511 88.2138 3 0.771494 0.0901455 23
19 -9.461 -13.3 90 -9.60902 -12.7511 88.2138 3 0.771494 0.0901455 23
19 -9.461 -13.3 90 -9.60902 -12.7511 88.2138 3 0.771494 0.0901455 20
20 -8.461 -9.8 -90 -8.66459 -10.2623 -86.1962 3 -0.491893 0.0901455 49
20 -8.461 -9.8 -90 -8.66459 -10.2623 -86.1962 3 -0.491893 0.0901455 100
20 -8.461 -9.8 -90 -8.66459 -10.2623 -86.1962 3 -0.416681 0.0901455 25
20 -8.461 -9.8 -90 -8.66459 -10.2623 -86.1962 3 -0.416681 0.0901455 25
20 -8.461 -9.8 -90 -8.66459 -10.2623 -86.1962 3 -0.416681 0.0901455 123
20 -8.461 -9.8 -90 -8.66459 -10.2623 -86.1962 3 -0.416681 0.0901455 70
20 -8.461 -9.8 -90 -8.66459 -10.2623 -86.1962 3 -0.378142 0.0901455 30
20 -8.461 -9.8 -90 -8.66459 -10.2623 -86.1962 3 -0.378142 0.0901455 49
20 -8.461 -9.8 -90 -8.66459 -10.2623 -86.1962 3 -0.378142 0.0901455 91
20 -8.461 -9.8 -90 -8.66459 -10.2623 -86.1962 3 -0.340598 0.0901455 37
20 -8.461 -9.8 -90 -8.66459 -10.2623 -86.1962 3 -0.302619 0.0901455 32
20 -8.461 -9.8 -90 -8.66459 -10.2623 -86.1962 3 -0.302619 0.0901455 40
20 -8.461 -9.8 -90 -8.66459 -10.2623 -86.1962 3 -0.302619 0.0901455 49
20 -8.461 -9.8 -90 -8.66459 -10.2623 -86.1962 3 -0.265387 0.0901455 26
20 -8.461 -9.8 -90 -8.66459 -10.2623 -86.1962 3 -0.265387 0.0901455 37
20 -8.461 -9.8 -90 -8.66459 -10.2623 -86.1962 3 -0.265387 0.0901455 54
20 -8.461 -9.8 -90 -8.66459 -10.2623 -86.1962 3 -0.265387 0.0901455 42
20 -8.461 -9.8 -90 -8.66459 -10.2623 -86.1962 3 -0.227968 0.0901455 24
20 -8.461 -9.8 -90 -8.66459 -10.2623 -86.1962 3 -0.227968 0.0901455 23
20 -8.461 -9.8 -90 -8.66459 -10.2623 -86.1962 3 -0.190704 0.0901455 22
20 -8.461 -9.8 -90 -8.66459 -10.2623 -86.1962 3 -0.190704 0.0901455 65
20 -8.461 -9.8 -90 -8.66459 -10.2623 -86.1962 3 -0.153129 0.0901455 70
20 -8.461 -9.8 -90 -8.66459 -10.2623 -86.1962 3 -0.153129 0.0901455 157
20 -8.461 -9.8 -90 -8.66459 -10.2623 -86.1962 3 -0.115803 0.0901455 37
20 -8.461 -9.8 -90 -8.66459 -10.2623 -86.1962 3 -0.115803 0.0901455 22
20 -8.461 -9.8 -90 -8.66459 -10.2623 -86.1962 3 -0.115803 0.0901455 39
20 -8.461 -9.8 -90 -8.66459 -10.2623 -86.1962 3 -0.0785087 0.0901455 21
20 -8.461 -9.8 -90 -8.66459 -10.2623 -86.1962 3 -0.0410584 0.0901455 96
20 -8.461 -9.8 -90 -8.66459 -10.2623 -86.1962 3 -0.0410584 0.0901455 212
20 -8.461 -9.8 -90 -8.66459 -10.2623 -86.1962 3 -0.0410584 0.0901455 78
20 -8.461 -9.8 -90 -8.66459 -10.2623 -86.1962 3 -0.00354596 0.0901455 44
20 -8.461 -9.8 -90 -8.66459 -10.2623 -86.1962 3 -0.00354596 0.0901455 20
20 -8.461 -9.8 -90 -8.66459 -10.2623 -86.1962 3 -0.00354596 0.0901455 69
20 -8.461 -9.8 -90 -8.66459 -10.2623 -86.1962 3 -0.00354596 0.0901455 34
20 -8.461 -9.8 -90 -8.66459 -10.2623 -86.1962 3 0.0347442 0.0901455 45
20 -8.461 -9.8 -90 -8.66459 -10.2623 -86.1962 3 0.0722255 0.0901455 157
20 -8.461 -9.8 -90 -8.66459 -10.2623 -86.1962 3 0.0722255 0.0901455 58
20 -8.461 -9.8 -90 -8.66459 -10.2623 -86.1962 3 0.0722255 0.0901455 119
20 -8.461 -9.8 -90 -8.66459 -10.2623 -86.1962 3 0.0722255 0.0901455 130
20 -8.461 -9.8 -90 -8.66459 -10.2623 -86.1962 3 0.109738 0.0901455 44
20 -8.461 -9.8 -90 -8.66459 -10.2623 -86.1962 3 0.109738 0.0901455 210
20 -8.461 -9.8 -90 -8.66459 -10.2623 -86.1962 3 0.109738 0.0901455 53
20 -8.461 -9.8 -90 -8.66459 -10.2623 -86.1962 3 0.109738 0.0901455 33
20 -8.461 -9.8 -90 -8.66459 -10.2623 -86.1962 3 0.147437 0.0901455 43
20 -8.461 -9.8 -90 -8.66459 -10.2623 -86.1962 3 0.147437 0.0901455 43
20 -8.461 -9.8 -90 -8.66459 -10.2623 -86.1962 3 0.147437 0.0901455 20
20 -8.461 -9.8 -90 -8.66459 -10.2623 -86.1962 3 0.147437 0.0901455 36
20 -8.461 -9.8 -90 -8.66459 -10.2623 -86.1962 3 0.185261 0.0901455 98
20 -8.461 -9.8 -90 -8.66459 -10.2623 -86.1962 3 0.185261 0.0901455 220
20 -8.461 -9.8 -90 -8.66459 -10.2623 -86.1962 3 0.222773 0.0901455 68
20 -8.461 -9.8 -90 -8.66459 -10.2623 -86.1962 3 0.222773 0.0901455 49
20 -8.461 -9.8 -90 -8.66459 -10.2623 -86.1962 3 0.222773 0.0901455 26
20 -8.461 -9.8 -90 -8.66459 -10.2623 -86.1962 3 0.297611 0.0901455 41
20 -8.461 -9.8 -90 -8.66459 -10.2623 -86.1962 3 0.297611 0.0901455 25
20 -8.461 -9.8 -90 -8.66459 -10.2623 -86.1962 3 0.335093 0.0901455 21
20 -8.461 -9.8 -90 -8.66459 -10.2623 -86.1962 3 0.372574 0.0901455 26
20 -8.461 -9.8 -90 -8.66459 -10.2623 -86.1962 3 0.372574 0.0901455 42
20 -8.461 -9.8 -90 -8.66459 -10.2623 -86.1962 3 0.410678 0.0901455 29
20 -8.461 -9.8 -90 -8.66459 -10.2623 -86.1962 3 0.410678 0.0901455 30
20 -8.461 -9.8 -90 -8.66459 -10.2623 -86.1962 3 0.410678 0.0901455 25
20 -8.461 -9.8 -90 -8.66459 -10.2623 -86.1962 3 0.448252 0.0901455 24
20 -8.461 -9.8 -90 -8.66459 -10.2623 -86.1962 3 0.523837 0.0901455 20
20 -8.461 -9.8 -90 -8.66459 -10.2623 -86.1962 3 0.523837 0.0901455 20
20 -8.461 -9.8 -90 -8.66459 -10.2623 -86.1962 3 0.56191 0.0901455 20
20 -8.461 -9.8 -90 -8.66459 -10.2623 -86.1962 3 0.63709 0.0901455 24
20 -8.461 -9.8 -90 -8.66459 -10.2623 -86.1962 3 0.712115 0.0901455 21
20 -8.461 -9.8 -90 -8.66459 -10.2623 -86.1962 3 0.783314 0.0901455 21
20 -8.461 -9.8 -90 -8.66459 -10.2623 -86.1962 3 0.783314 0.0901455 20
20 -8.461 -9.8 -90 -8.66459 -10.2623 -86.1962 3 0.785398 0.0901455 20
20 -8.461 -9.8 -90 -8.66459 -10.2623 -86.1962 3 0.785398 0.0901455 20
20 -8.461 -9.8 -90 -8.66459 -10.2623 -86.1962 3 0.785398 0.0901455 20
21 -8.461 -7.8 -90 -8.4932 -8.34909 -85.3275 3 -0.750281 0.0901455 28
21 -8.461 -7.8 -90 -8.4932 -8.34909 -85.3275 3 -0.529903 0.0901455 20
21 -8.461 -7.8 -90 -8.4932 -8.34909 -85.3275 3 -0.529903 0.0901455 21
21 -8.461 -7.8 -90 -8.4932 -8.34909 -85.3275 3 -0.492546 0.0901455 20
21 -8.461 -7.8 -90 -8.4932 -8.34909 -85.3275 3 -0.418112 0.0901455 21
21 -8.461 -7.8 -90 -8.4932 -8.34909 -85.3275 3 -0.230425 0.0901455 20
21 -8.461 -7.8 -90 -8.4932 -8.34909 -85.3275 3 -0.230425 0.0901455 20
21 -8.461 -7.8 -90 -8.4932 -8.34909 -85.3275 3 -0.155182 0.0901455 50
21 -8.461 -7.8 -90 -8.4932 -8.34909 -85.3275 3 -0.155182 0.0901455 23
21 -8.461 -7.8 -90 -8.4932 -8.34909 -85.3275 3 -0.0051012 0.0901455 22
21 -8.461 -7.8 -90 -8.4932 -8.34909 -85.3275 3 0.0325668 0.0901455 21
21 -8.461 -7.8 -90 -8.4932 -8.34909 -85.3275 3 0.0700171 0.0901455 23
21 -8.461 -7.8 -90 -8.4932 -8.34909 -85.3275 3 0.144949 0.0901455 55
21 -8.461 -7.8 -90 -8.4932 -8.34909 -85.3275 3 0.144949 0.0901455 68
21 -8.461 -7.8 -90 -8.4932 -8.34909 -85.3275 3 0.182803 0.0901455 21
21 -8.461 -7.8 -90 -8.4932 -8.34909 -85.3275 3 0.220502 0.0901455 23
21 -8.461 -7.8 -90 -8.4932 -8.34909 -85.3275 3 0.220502 0.0901455 23
21 -8.461 -7.8 -90 -8.4932 -8.34909 -85.3275 3 0.258108 0.0901455 23
21 -8.461 -7.8 -90 -8.4932 -8.34909 -85.3275 3 0.258108 0.0901455 21
21 -8.461 -7.8 -90 -8.4932 -8.34909 -85.3275 3 0.295994 0.0901455 62
21 -8.461 -7.8 -90 -8.4932 -8.34909 -85.3275 3 0.333538 0.0901455 51
22 -8.461 -3.3 -90 -8.48949 -3.85704 -86.7335 3 -0.377458 0.0901455 22
22 -8.461 -3.3 -90 -8.48949 -3.85704 -86.7335 3 -0.377458 0.0901455 26
22 -8.461 -3.3 -90 -8.48949 -3.85704 -86.7335 3 -0.377458 0.0901455 35
22 -8.461 -3.3 -90 -8.48949 -3.85704 -86.7335 3 -0.377458 0.0901455 34
22 -8.461 -3.3 -90 -8.48949 -3.85704 -86.7335 3 -0.339634 0.0901455 35
22 -8.461 -3.3 -90 -8.48949 -3.85704 -86.7335 3 -0.339634 0.0901455 31
22 -8.461 -3.3 -90 -8.48949 -3.85704 -86.7335 3 -0.339634 0.0901455 28
22 -8.461 -3.3 -90 -8.48949 -3.85704 -86.7335 3 -0.302308 0.0901455 34
22 -8.461 -3.3 -90 -8.48949 -3.85704 -86.7335 3 -0.302308 0.0901455 35
22 -8.461 -3.3 -90 -8.48949 -3.85704 -86.7335 3 -0.302308 0.0901455 35
22 -8.461 -3.3 -90 -8.48949 -3.85704 -86.7335 3 -0.302308 0.0901455 21
22 -8.461 -3.3 -90 -8.48949 -3.85704 -86.7335 3 -0.264765 0.0901455 29
22 -8.461 -3.3 -90 -8.48949 -3.85704 -86.7335 3 -0.264765 0.0901455 21
22 -8.461 -3.3 -90 -8.48949 -3.85704 -86.7335 3 -0.264765 0.0901455 22
22 -8.461 -3.3 -90 -8.48949 -3.85704 -86.7335 3 -0.22747 0.0901455 35
22 -8.461 -3.3 -90 -8.48949 -3.85704 -86.7335 3 -0.22747 0.0901455 23
22 -8.461 -3.3 -90 -8.48949 -3.85704 -86.7335 3 -0.1903 0.0901455 42
22 -8.461 -3.3 -90 -8.48949 -3.85704 -86.7335 3 -0.1903 0.0901455 28
22 -8.461 -3.3 -90 -8.48949 -3.85704 -86.7335 3 -0.1903 0.0901455 45
22 -8.461 -3.3 -90 -8.48949 -3.85704 -86.7335 3 -0.1903 0.0901455 35
22 -8.461 -3.3 -90 -8.48949 -3.85704 -86.7335 3 -0.152632 0.0901455 20
22 -8.461 -3.3 -90 -8.48949 -3.85704 -86.7335 3 -0.152632 0.0901455 51
22 -8.461 -3.3 -90 -8.48949 -3.85704 -86.7335 3 -0.152632 0.0901455 122
22 -8.461 -3.3 -90 -8.48949 -3.85704 -86.7335 3 -0.115275 0.0901455 216
22 -8.461 -3.3 -90 -8.48949 -3.85704 -86.7335 3 -0.115275 0.0901455 58
22 -8.461 -3.3 -90 -8.48949 -3.85704 -86.7335 3 -0.115275 0.0901455 37
22 -8.461 -3.3 -90 -8.48949 -3.85704 -86.7335 3 -0.0779488 0.0901455 46
22 -8.461 -3.3 -90 -8.48949 -3.85704 -86.7335 3 -0.0779488 0.0901455 26
22 -8.461 -3.3 -90 -8.48949 -3.85704 -86.7335 3 -0.0779488 0.0901455 30
22 -8.461 -3.3 -90 -8.48949 -3.85704 -86.7335 3 -0.0779488 0.0901455 23
22 -8.461 -3.3 -90 -8.48949 -3.85704 -86.7335 3 -0.0405919 0.0901455 30
22 -8.461 -3.3 -90 -8.48949 -3.85704 -86.7335 3 -0.0405919 0.0901455 32
22 -8.461 -3.3 -90 -8.48949 -3.85704 -86.7335 3 -0.0405919 0.0901455 47
22 -8.461 -3.3 -90 -8.48949 -3.85704 -86.7335 3 -0.0405919 0.0901455 46
22 -8.461 -3.3 -90 -8.48949 -3.85704 -86.7335 3 -0.00311049 0.0901455 33
22 -8.461 -3.3 -90 -8.48949 -3.85704 -86.7335 3 -0.00311049 0.0901455 33
22 -8.461 -3.3 -90 -8.48949 -3.85704 -86.7335 3 -0.00311049 0.0901455 28
22 -8.461 -3.3 -90 -8.48949 -3.85704 -86.7335 3 0.034402 0.0901455 26
22 -8.461 -3.3 -90 -8.48949 -3.85704 -86.7335 3 0.034402 0.0901455 33
22 -8.461 -3.3 -90 -8.48949 -3.85704 -86.7335 3 0.034402 0.0901455 23
22 -8.461 -3.3 -90 -8.48949 -3.85704 -86.7335 3 0.034402 0.0901455 22
22 -8.461 -3.3 -90 -8.48949 -3.85704 -86.7335 3 0.0718212 0.0901455 22
22 -8.461 -3.3 -90 -8.48949 -3.85704 -86.7335 3 0.0718212 0.0901455 21
22 -8.461 -3.3 -90 -8.48949 -3.85704 -86.7335 3 0.0718212 0.0901455 24
22 -8.461 -3.3 -90 -8.48949 -3.85704 -86.7335 3 0.109303 0.0901455 21
23 -7.461 -1.8 0 -7.59323 -1.93326 3.04333 3 -0.604181 0.0901455 27
23 -7.461 -1.8 0 -7.59323 -1.93326 3.04333 3 -0.566824 0.0901455 786
23 -7.461 -1.8 0 -7.59323 -1.93326 3.04333 3 -0.566824 0.0901455 4585
23 -7.461 -1.8 0 -7.59323 -1.93326 3.04333 3 -0.566824 0.0901455 5273
23 -7.461 -1.8 0 -7.59323 -1.93326 3.04333 3 -0.566824 0.0901455 4181
23 -7.461 -1.8 0 -7.59323 -1.93326 3.04333 3 -0.529529 0.0901455 3848
23 -7.461 -1.8 0 -7.59323 -1.93326 3.04333 3 -0.529529 0.0901455 167
23 -7.461 -1.8 0 -7.59323 -1.93326 3.04333 3 -0.229741 0.0901455 36
23 -7.461 -1.8 0 -7.59323 -1.93326 3.04333 3 -0.229741 0.0901455 27
23 -7.461 -1.8 0 -7.59323 -1.93326 3.04333 3 -0.192321 0.0901455 33
23 -7.461 -1.8 0 -7.59323 -1.93326 3.04333 3 -0.192321 0.0901455 33
23 -7.461 -1.8 0 -7.59323 -1.93326 3.04333 3 -0.154965 0.0901455 40
23 -7.461 -1.8 0 -7.59323 -1.93326 3.04333 3 -0.154965 0.0901455 41
23 -7.461 -1.8 0 -7.59323 -1.93326 3.04333 3 -0.154965 0.0901455 37
23 -7.461 -1.8 0 -7.59323 -1.93326 3.04333 3 -0.117514 0.0901455 34
23 -7.461 -1.8 0 -7.59323 -1.93326 3.04333 3 -0.117514 0.0901455 41
23 -7.461 -1.8 0 -7.59323 -1.93326 3.04333 3 -0.117514 0.0901455 36
23 -7.461 -1.8 0 -7.59323 -1.93326 3.04333 3 -0.117514 0.0901455 39
23 -7.461 -1.8 0 -7.59323 -1.93326 3.04333 3 -0.0800329 0.0901455 43
23 -7.461 -1.8 0 -7.59323 -1.93326 3.04333 3 -0.0800329 0.0901455 34
23 -7.461 -1.8 0 -7.59323 -1.93326 3.04333 3 -0.0800329 0.0901455 43
23 -7.461 -1.8 0 -7.59323 -1.93326 3.04333 3 -0.042707 0.0901455 44
23 -7.461 -1.8 0 -7.59323 -1.93326 3.04333 3 -0.042707 0.0901455 40
23 -7.461 -1.8 0 -7.59323 -1.93326 3.04333 3 -0.042707 0.0901455 31
23 -7.461 -1.8 0 -7.59323 -1.93326 3.04333 3 -0.042707 0.0901455 30
23 -7.461 -1.8 0 -7.59323 -1.93326 3.04333 3 -0.0050701 0.0901455 40
23 -7.461 -1.8 0 -7.59323 -1.93326 3.04333 3 -0.0050701 0.0901455 30
23 -7.461 -1.8 0 -7.59323 -1.93326 3.04333 3 -0.0050701 0.0901455 32
23 -7.461 -1.8 0 -7.59323 -1.93326 3.04333 3 0.0323802 0.0901455 32
23 -7.461 -1.8 0 -7.59323 -1.93326 3.04333 3 0.0323802 0.0901455 30
23 -7.461 -1.8 0 -7.59323 -1.93326 3.04333 3 0.0323802 0.0901455 22
23 -7.461 -1.8 0 -7.59323 -1.93326 3.04333 3 0.0323802 0.0901455 29
23 -7.461 -1.8 0 -7.59323 -1.93326 3.04333 3 0.0702348 0.0901455 40
23 -7.461 -1.8 0 -7.59323 -1.93326 3.04333 3 0.0702348 0.0901455 23
23 -7.461 -1.8 0 -7.59323 -1.93326 3.04333 3 0.0702348 0.0901455 24
23 -7.461 -1.8 0 -7.59323 -1.93326 3.04333 3 0.107716 0.0901455 28
23 -7.461 -1.8 0 -7.59323 -1.93326 3.04333 3 0.107716 0.0901455 28
23 -7.461 -1.8 0 -7.59323 -1.93326 3.04333 3 0.107716 0.0901455 27
23 -7.461 -1.8 0 -7.59323 -1.93326 3.04333 3 0.145384 0.0901455 20
23 -7.461 -1.8 0 -7.59323 -1.93326 3.04333 3 0.145384 0.0901455 22
23 -7.461 -1.8 0 -7.59323 -1.93326 3.04333 3 0.145384 0.0901455 21
23 -7.461 -1.8 0 -7.59323 -1.93326 3.04333 3 0.182897 0.0901455 21
23 -7.461 -1.8 0 -7.59323 -1.93326 3.04333 3 0.182897 0.0901455 27
23 -7.461 -1.8 0 -7.59323 -1.93326 3.04333 3 0.182897 0.0901455 34
23 -7.461 -1.8 0 -7.59323 -1.93326 3.04333 3 0.182897 0.0901455 30
23 -7.461 -1.8 0 -7.59323 -1.93326 3.04333 3 0.220907 0.0901455 42
23 -7.461 -1.8 0 -7.59323 -1.93326 3.04333 3 0.220907 0.0901455 26
23 -7.461 -1.8 0 -7.59323 -1.93326 3.04333 3 0.258793 0.0901455 20
23 -7.461 -1.8 0 -7.59323 -1.93326 3.04333 3 0.258793 0.0901455 27
23 -7.461 -1.8 0 -7.59323 -1.93326 3.04333 3 0.296896 0.0901455 23
23 -7.461 -1.8 0 -7.59323 -1.93326 3.04333 3 0.296896 0.0901455 25
23 -7.461 -1.8 0 -7.59323 -1.93326 3.04333 3 0.296896 0.0901455 27
23 -7.461 -1.8 0 -7.59323 -1.93326 3.04333 3 0.334564 0.0901455 20
23 -7.461 -1.8 0 -7.59323 -1.93326 3.04333 3 0.334564 0.0901455 31
23 -7.461 -1.8 0 -7.59323 -1.93326 3.04333 3 0.334564 0.0901455 33
23 -7.461 -1.8 0 -7.59323 -1.93326 3.04333 3 0.372108 0.0901455 20
23 -7.461 -1.8 0 -7.59323 -1.93326 3.04333 3 0.522624 0.0901455 20
23 -7.461 -1.8 0 -7.59323 -1.93326 3.04333 3 0.673078 0.0901455 20
23 -7.461 -1.8 0 -7.59323 -1.93326 3.04333 3 0.67566 0.0901455 22
23 -7.461 -1.8 0 -7.59323 -1.93326 3.04333 3 0.67566 0.0901455 20
23 -7.461 -1.8 0 -7.59323 -1.93326 3.04333 3 0.41214 0.0901455 21
23 -7.461 -1.8 0 -7.59323 -1.93326 3.04333 3 0.41214 0.0901455 22
23 -7.461 -1.8 0 -7.59323 -1.93326 3.04333 3 0.374472 0.0901455 25
23 -7.461 -1.8 0 -7.59323 -1.93326 3.04333 3 0.374472 0.0901455 32
23 -7.461 -1.8 0 -7.59323 -1.93326 3.04333 3 0.374472 0.0901455 26
23 -7.461 -1.8 0 -7.59323 -1.93326 3.04333 3 0.336773 0.0901455 26
23 -7.461 -1.8 0 -7.59323 -1.93326 3.04333 3 0.336773 0.0901455 20
23 -7.461 -1.8 0 -7.59323 -1.93326 3.04333 3 0.298793 0.0901455 25
23 -7.461 -1.8 0 -7.59323 -1.93326 3.04333 3 0.261063 0.0901455 23
23 -7.461 -1.8 0 -7.59323 -1.93326 3.04333 3 0.261063 0.0901455 50
23 -7.461 -1.8 0 -7.59323 -1.93326 3.04333 3 0.223675 0.0901455 29
23 -7.461 -1.8 0 -7.59323 -1.93326 3.04333 3 0.223675 0.0901455 29
23 -7.461 -1.8 0 -7.59323 -1.93326 3.04333 3 0.223675 0.0901455 32
23 -7.461 -1.8 0 -7.59323 -1.93326 3.04333 3 0.186069 0.0901455 21
23 -7.461 -1.8 0 -7.59323 -1.93326 3.04333 3 0.186069 0.0901455 22
23 -7.461 -1.8 0 -7.59323 -1.93326 3.04333 3 0.186069 0.0901455 37
23 -7.461 -1.8 0 -7.59323 -1.93326 3.04333 3 0.148184 0.0901455 23
23 -7.461 -1.8 0 -7.59323 -1.93326 3.04333 3 0.148184 0.0901455 29
23 -7.461 -1.8 0 -7.59323 -1.93326 3.04333 3 0.148184 0.0901455 27
23 -7.461 -1.8 0 -7.59323 -1.93326 3.04333 3 0.148184 0.0901455 36
23 -7.461 -1.8 0 -7.59323 -1.93326 3.04333 3 0.110764 0.0901455 35
23 -7.461 -1.8 0 -7.59323 -1.93326 3.04333 3 0.0732831 0.0901455 30
23 -7.461 -1.8 0 -7.59323 -1.93326 3.04333 3 0.0732831 0.0901455 40
23 -7.461 -1.8 0 -7.59323 -1.93326 3.04333 3 0.0732831 0.0901455 29
23 -7.461 -1.8 0 -7.59323 -1.93326 3.04333 3 0.0732831 0.0901455 33
23 -7.461 -1.8 0 -7.59323 -1.93326 3.04333 3 0.0355529 0.0901455 20
23 -7.461 -1.8 0 -7.59323 -1.93326 3.04333 3 0.0355529 0.0901455 27
23 -7.461 -1.8 0 -7.59323 -1.93326 3.04333 3 0.0355529 0.0901455 36
23 -7.461 -1.8 0 -7.59323 -1.93326 3.04333 3 0.0355529 0.0901455 32
23 -7.461 -1.8 0 -7.59323 -1.93326 3.04333 3 -0.0018974 0.0901455 39
23 -7.461 -1.8 0 -7.59323 -1.93326 3.04333 3 -0.0018974 0.0901455 31
23 -7.461 -1.8 0 -7.59323 -1.93326 3.04333 3 -0.0018974 0.0901455 42
23 -7.461 -1.8 0 -7.59323 -1.93326 3.04333 3 -0.0018974 0.0901455 36
23 -7.461 -1.8 0 -7.59323 -1.93326 3.04333 3 -0.0395654 0.0901455 26
23 -7.461 -1.8 0 -7.59323 -1.93326 3.04333 3 -0.0395654 0.0901455 27
23 -7.461 -1.8 0 -7.59323 -1.93326 3.04333 3 -0.077109 0.0901455 26
23 -7.461 -1.8 0 -7.59323 -1.93326 3.04333 3 -0.077109 0.0901455 37
23 -7.461 -1.8 0 -7.59323 -1.93326 3.04333 3 -0.077109 0.0901455 40
23 -7.461 -1.8 0 -7.59323 -1.93326 3.04333 3 -0.077109 0.0901455 39
23 -7.461 -1.8 0 -7.59323 -1.93326 3.04333 3 -0.114621 0.0901455 37
23 -7.461 -1.8 0 -7.59323 -1.93326 3.04333 3 -0.114621 0.0901455 43
23 -7.461 -1.8 0 -7.59323 -1.93326 3.04333 3 -0.114621 0.0901455 40
23 -7.461 -1.8 0 -7.59323 -1.93326 3.04333 3 -0.114621 0.0901455 34
23 -7.461 -1.8 0 -7.59323 -1.93326 3.04333 3 -0.15201 0.0901455 22
23 -7.461 -1.8 0 -7.59323 -1.93326 3.04333 3 -0.15201 0.0901455 25
23 -7.461 -1.8 0 -7.59323 -1.93326 3.04333 3 -0.15201 0.0901455 33
23 -7.461 -1.8 0 -7.59323 -1.93326 3.04333 3 -0.189802 0.0901455 20
23 -7.461 -1.8 0 -7.59323 -1.93326 3.04333 3 -0.189802 0.0901455 25
23 -7.461 -1.8 0 -7.59323 -1.93326 3.04333 3 -0.189802 0.0901455 34
23 -7.461 -1.8 0 -7.59323 -1.93326 3.04333 3 -0.490773 0.0901455 163
23 -7.461 -1.8 0 -7.59323 -1.93326 3.04333 3 -0.490773 0.0901455 3654
23 -7.461 -1.8 0 -7.59323 -1.93326 3.04333 3 -0.528347 0.0901455 4257
23 -7.461 -1.8 0 -7.59323 -1.93326 3.04333 3 -0.528347 0.0901455 5348
23 -7.461 -1.8 0 -7.59323 -1.93326 3.04333 3 -0.528347 0.0901455 4704
23 -7.461 -1.8 0 -7.59323 -1.93326 3.04333 3 -0.565549 0.0901455 775
23 -7.461 -1.8 0 -7.59323 -1.93326 3.04333 3 -0.565549 0.0901455 27
24 -3.461 -0.8 180 -4.04618 -0.720591 -176.279 3 -0.491053 0.0901455 22
24 -3.461 -0.8 180 -4.04618 -0.720591 -176.279 3 -0.453571 0.0901455 25
24 -3.461 -0.8 180 -4.04618 -0.720591 -176.279 3 -0.453571 0.0901455 24
24 -3.461 -0.8 180 -4.04618 -0.720591 -176.279 3 -0.453571 0.0901455 22
24 -3.461 -0.8 180 -4.04618 -0.720591 -176.279 3 -0.415903 0.0901455 21
24 -3.461 -0.8 180 -4.04618 -0.720591 -176.279 3 -0.378453 0.0901455 21
24 -3.461 -0.8 180 -4.04618 -0.720591 -176.279 3 -0.378453 0.0901455 40
24 -3.461 -0.8 180 -4.04618 -0.720591 -176.279 3 -0.378453 0.0901455 32
24 -3.461 -0.8 180 -4.04618 -0.720591 -176.279 3 -0.34063 0.0901455 29
24 -3.461 -0.8 180 -4.04618 -0.720591 -176.279 3 -0.34063 0.0901455 39
24 -3.461 -0.8 180 -4.04618 -0.720591 -176.279 3 -0.34063 0.0901455 23
24 -3.461 -0.8 180 -4.04618 -0.720591 -176.279 3 -0.303366 0.0901455 33
24 -3.461 -0.8 180 -4.04618 -0.720591 -176.279 3 -0.303366 0.0901455 27
24 -3.461 -0.8 180 -4.04618 -0.720591 -176.279 3 -0.303366 0.0901455 22
24 -3.461 -0.8 180 -4.04618 -0.720591 -176.279 3 -0.303366 0.0901455 25
24 -3.461 -0.8 180 -4.04618 -0.720591 -176.279 3 -0.265698 0.0901455 22
24 -3.461 -0.8 180 -4.04618 -0.720591 -176.279 3 -0.265698 0.0901455 26
24 -3.461 -0.8 180 -4.04618 -0.720591 -176.279 3 -0.265698 0.0901455 38
24 -3.461 -0.8 180 -4.04618 -0.720591 -176.279 3 -0.228434 0.0901455 29
24 -3.461 -0.8 180 -4.04618 -0.720591 -176.279 3 -0.228434 0.0901455 21
24 -3.461 -0.8 180 -4.04618 -0.720591 -176.279 3 -0.228434 0.0901455 23
24 -3.461 -0.8 180 -4.04618 -0.720591 -176.279 3 -0.228434 0.0901455 31
24 -3.461 -0.8 180 -4.04618 -0.720591 -176.279 3 -0.191046 0.0901455 38
24 -3.461 -0.8 180 -4.04618 -0.720591 -176.279 3 -0.191046 0.0901455 21
24 -3.461 -0.8 180 -4.04618 -0.720591 -176.279 3 -0.191046 0.0901455 21
24 -3.461 -0.8 180 -4.04618 -0.720591 -176.279 3 -0.191046 0.0901455 21
24 -3.461 -0.8 180 -4.04618 -0.720591 -176.279 3 -0.153751 0.0901455 26
24 -3.461 -0.8 180 -4.04618 -0.720591 -176.279 3 -0.153751 0.0901455 25
24 -3.461 -0.8 180 -4.04618 -0.720591 -176.279 3 -0.153751 0.0901455 33
24 -3.461 -0.8 180 -4.04618 -0.720591 -176.279 3 -0.116083 0.0901455 31
24 -3.461 -0.8 180 -4.04618 -0.720591 -176.279 3 -0.116083 0.0901455 20
24 -3.461 -0.8 180 -4.04618 -0.720591 -176.279 3 -0.0788198 0.0901455 21
24 -3.461 -0.8 180 -4.04618 -0.720591 -176.279 3 -0.0788198 0.0901455 23
24 -3.461 -0.8 180 -4.04618 -0.720591 -176.279 3 -0.0788198 0.0901455 22
24 -3.461 -0.8 180 -4.04618 -0.720591 -176.279 3 -0.0788198 0.0901455 22
24 -3.461 -0.8 180 -4.04618 -0.720591 -176.279 3 -0.040934 0.0901455 23
24 -3.461 -0.8 180 -4.04618 -0.720591 -176.279 3 -0.040934 0.0901455 28
24 -3.461 -0.8 180 -4.04618 -0.720591 -176.279 3 -0.040934 0.0901455 49
24 -3.461 -0.8 180 -4.04618 -0.720591 -176.279 3 -0.00301717 0.0901455 29
24 -3.461 -0.8 180 -4.04618 -0.720591 -176.279 3 -0.00301717 0.0901455 22
24 -3.461 -0.8 180 -4.04618 -0.720591 -176.279 3 -0.00301717 0.0901455 21
24 -3.461 -0.8 180 -4.04618 -0.720591 -176.279 3 -0.00301717 0.0901455 23
24 -3.461 -0.8 180 -4.04618 -0.720591 -176.279 3 0.0350552 0.0901455 25
24 -3.461 -0.8 180 -4.04618 -0.720591 -176.279 3 0.0350552 0.0901455 25
24 -3.461 -0.8 180 -4.04618 -0.720591 -176.279 3 0.0350552 0.0901455 26
24 -3.461 -0.8 180 -4.04618 -0.720591 -176.279 3 0.0350552 0.0901455 22
24 -3.461 -0.8 180 -4.04618 -0.720591 -176.279 3 0.0725366 0.0901455 26
24 -3.461 -0.8 180 -4.04618 -0.720591 -176.279 3 0.0725366 0.0901455 30
24 -3.461 -0.8 180 -4.04618 -0.720591 -176.279 3 0.0725366 0.0901455 25
24 -3.461 -0.8 180 -4.04618 -0.720591 -176.279 3 0.0725366 0.0901455 23
24 -3.461 -0.8 180 -4.04618 -0.720591 -176.279 3 0.11064 0.0901455 29
24 -3.461 -0.8 180 -4.04618 -0.720591 -176.279 3 0.148432 0.0901455 22
24 -3.461 -0.8 180 -4.04618 -0.720591 -176.279 3 0.337301 0.0901455 23
24 -3.461 -0.8 180 -4.04618 -0.720591 -176.279 3 0.337301 0.0901455 30
24 -3.461 -0.8 180 -4.04618 -0.720591 -176.279 3 0.337301 0.0901455 28
24 -3.461 -0.8 180 -4.04618 -0.720591 -176.279 3 0.374938 0.0901455 23
24 -3.461 -0.8 180 -4.04618 -0.720591 -176.279 3 0.374938 0.0901455 24
24 -3.461 -0.8 180 -4.04618 -0.720591 -176.279 3 0.412388 0.0901455 21
24 -3.461 -0.8 180 -4.04618 -0.720591 -176.279 3 0.412388 0.0901455 26
24 -3.461 -0.8 180 -4.04618 -0.720591 -176.279 3 0.449963 0.0901455 24
24 -3.461 -0.8 180 -4.04618 -0.720591 -176.279 3 0.449963 0.0901455 20
24 -3.461 -0.8 180 -4.04618 -0.720591 -176.279 3 0.449963 0.0901455 24
24 -3.461 -0.8 180 -4.04618 -0.720591 -176.279 3 0.487445 0.0901455 27
24 -3.461 -0.8 180 -4.04618 -0.720591 -176.279 3 0.487445 0.0901455 21
24 -3.461 -0.8 180 -4.04618 -0.720591 -176.279 3 0.525641 0.0901455 21
24 -3.461 -0.8 180 -4.04618 -0.720591 -176.279 3 0.600729 0.0901455 21
24 -3.461 -0.8 180 -4.04618 -0.720591 -176.279 3 0.600729 0.0901455 22
24 -3.461 -0.8 180 -4.04618 -0.720591 -176.279 3 0.638303 0.0901455 21
24 -3.461 -0.8 180 -4.04618 -0.720591 -176.279 3 0.638303 0.0901455 20
24 -3.461 -0.8 180 -4.04618 -0.720591 -176.279 3 0.638303 0.0901455 23
24 -3.461 -0.8 180 -4.04618 -0.720591 -176.279 3 0.676033 0.0901455 22
25 0.539 -0.8 0 -0.111464 -0.817316 -7.62024 3 -0.152227 0.0901455 20
25 0.539 -0.8 0 -0.111464 -0.817316 -7.62024 3 -0.114901 0.0901455 23
25 0.539 -0.8 0 -0.111464 -0.817316 -7.62024 3 -0.0769224 0.0901455 26
25 0.539 -0.8 0 -0.111464 -0.817316 -7.62024 3 -0.0769224 0.0901455 31
25 0.539 -0.8 0 -0.111464 -0.817316 -7.62024 3 -0.0395654 0.0901455 24
25 0.539 -0.8 0 -0.111464 -0.817316 -7.62024 3 -0.0395654 0.0901455 22
25 0.539 -0.8 0 -0.111464 -0.817316 -7.62024 3 -0.0395654 0.0901455 28
25 0.539 -0.8 0 -0.111464 -0.817316 -7.62024 3 -0.00199071 0.0901455 23
25 0.539 -0.8 0 -0.111464 -0.817316 -7.62024 3 -0.00199071 0.0901455 23
25 0.539 -0.8 0 -0.111464 -0.817316 -7.62024 3 0.0361439 0.0901455 21
25 0.539 -0.8 0 -0.111464 -0.817316 -7.62024 3 0.0361439 0.0901455 21
25 0.539 -0.8 0 -0.111464 -0.817316 -7.62024 3 0.0739674 0.0901455 23
25 0.539 -0.8 0 -0.111464 -0.817316 -7.62024 3 0.0739674 0.0901455 20
25 0.539 -0.8 0 -0.111464 -0.817316 -7.62024 3 0.0739674 0.0901455 21
25 0.539 -0.8 0 -0.111464 -0.817316 -7.62024 3 0.111853 0.0901455 25
25 0.539 -0.8 0 -0.111464 -0.817316 -7.62024 3 0.111853 0.0901455 30
25 0.539 -0.8 0 -0.111464 -0.817316 -7.62024 3 0.111853 0.0901455 30
25 0.539 -0.8 0 -0.111464 -0.817316 -7.62024 3 0.149366 0.0901455 42
25 0.539 -0.8 0 -0.111464 -0.817316 -7.62024 3 0.149366 0.0901455 27
25 0.539 -0.8 0 -0.111464 -0.817316 -7.62024 3 0.187282 0.0901455 39
25 0.539 -0.8 0 -0.111464 -0.817316 -7.62024 3 0.187282 0.0901455 32
25 0.539 -0.8 0 -0.111464 -0.817316 -7.62024 3 0.187282 0.0901455 41
25 0.539 -0.8 0 -0.111464 -0.817316 -7.62024 3 0.187282 0.0901455 115
25 0.539 -0.8 0 -0.111464 -0.817316 -7.62024 3 0.224702 0.0901455 463
25 0.539 -0.8 0 -0.111464 -0.817316 -7.62024 3 0.224702 0.0901455 83
25 0.539 -0.8 0 -0.111464 -0.817316 -7.62024 3 0.224702 0.0901455 39
25 0.539 -0.8 0 -0.111464 -0.817316 -7.62024 3 0.224702 0.0901455 26
25 0.539 -0.8 0 -0.111464 -0.817316 -7.62024 3 0.262432 0.0901455 34
25 0.539 -0.8 0 -0.111464 -0.817316 -7.62024 3 0.262432 0.0901455 34
25 0.539 -0.8 0 -0.111464 -0.817316 -7.62024 3 0.299913 0.0901455 33
25 0.539 -0.8 0 -0.111464 -0.817316 -7.62024 3 0.299913 0.0901455 30
25 0.539 -0.8 0 -0.111464 -0.817316 -7.62024 3 0.337519 0.0901455 21
25 0.539 -0.8 0 -0.111464 -0.817316 -7.62024 3 0.337519 0.0901455 24
25 0.539 -0.8 0 -0.111464 -0.817316 -7.62024 3 0.337519 0.0901455 21
25 0.539 -0.8 0 -0.111464 -0.817316 -7.62024 3 0.337519 0.0901455 27
25 0.539 -0.8 0 -0.111464 -0.817316 -7.62024 3 0.375125 0.0901455 24
25 0.539 -0.8 0 -0.111464 -0.817316 -7.62024 3 0.412824 0.0901455 20
25 0.539 -0.8 0 -0.111464 -0.817316 -7.62024 3 0.450368 0.0901455 23
25 0.539 -0.8 0 -0.111464 -0.817316 -7.62024 3 0.525486 0.0901455 30
25 0.539 -0.8 0 -0.111464 -0.817316 -7.62024 3 0.638583 0.0901455 37
25 0.539 -0.8 0 -0.111464 -0.817316 -7.62024 3 0.638583 0.0901455 23
25 0.539 -0.8 0 -0.111464 -0.817316 -7.62024 3 0.676065 0.0901455 24
25 0.539 -0.8 0 -0.111464 -0.817316 -7.62024 3 0.676065 0.0901455 29
25 0.539 -0.8 0 -0.111464 -0.817316 -7.62024 3 0.713235 0.0901455 32
25 0.539 -0.8 0 -0.111464 -0.817316 -7.62024 3 0.713235 0.0901455 20
25 0.539 -0.8 0 -0.111464 -0.817316 -7.62024 3 0.675131 0.0901455 29
25 0.539 -0.8 0 -0.111464 -0.817316 -7.62024 3 0.675131 0.0901455 29
25 0.539 -0.8 0 -0.111464 -0.817316 -7.62024 3 0.675131 0.0901455 20
25 0.539 -0.8 0 -0.111464 -0.817316 -7.62024 3 0.524739 0.0901455 31
25 0.539 -0.8 0 -0.111464 -0.817316 -7.62024 3 0.486605 0.0901455 23
25 0.539 -0.8 0 -0.111464 -0.817316 -7.62024 3 0.411082 0.0901455 29
25 0.539 -0.8 0 -0.111464 -0.817316 -7.62024 3 0.373601 0.0901455 21
25 0.539 -0.8 0 -0.111464 -0.817316 -7.62024 3 0.373601 0.0901455 27
25 0.539 -0.8 0 -0.111464 -0.817316 -7.62024 3 0.335839 0.0901455 27
25 0.539 -0.8 0 -0.111464 -0.817316 -7.62024 3 0.335839 0.0901455 38
25 0.539 -0.8 0 -0.111464 -0.817316 -7.62024 3 0.335839 0.0901455 21
25 0.539 -0.8 0 -0.111464 -0.817316 -7.62024 3 0.335839 0.0901455 22
25 0.539 -0.8 0 -0.111464 -0.817316 -7.62024 3 0.298389 0.0901455 35
25 0.539 -0.8 0 -0.111464 -0.817316 -7.62024 3 0.298389 0.0901455 30
25 0.539 -0.8 0 -0.111464 -0.817316 -7.62024 3 0.298389 0.0901455 22
25 0.539 -0.8 0 -0.111464 -0.817316 -7.62024 3 0.260908 0.0901455 26
25 0.539 -0.8 0 -0.111464 -0.817316 -7.62024 3 0.260908 0.0901455 268
25 0.539 -0.8 0 -0.111464 -0.817316 -7.62024 3 0.223457 0.0901455 324
25 0.539 -0.8 0 -0.111464 -0.817316 -7.62024 3 0.223457 0.0901455 67
25 0.539 -0.8 0 -0.111464 -0.817316 -7.62024 3 0.223457 0.0901455 43
25 0.539 -0.8 0 -0.111464 -0.817316 -7.62024 3 0.223457 0.0901455 35
25 0.539 -0.8 0 -0.111464 -0.817316 -7.62024 3 0.185478 0.0901455 37
25 0.539 -0.8 0 -0.111464 -0.817316 -7.62024 3 0.185478 0.0901455 28
25 0.539 -0.8 0 -0.111464 -0.817316 -7.62024 3 0.185478 0.0901455 28
25 0.539 -0.8 0 -0.111464 -0.817316 -7.62024 3 0.185478 0.0901455 38
25 0.539 -0.8 0 -0.111464 -0.817316 -7.62024 3 0.147593 0.0901455 23
25 0.539 -0.8 0 -0.111464 -0.817316 -7.62024 3 0.147593 0.0901455 30
25 0.539 -0.8 0 -0.111464 -0.817316 -7.62024 3 0.147593 0.0901455 27
25 0.539 -0.8 0 -0.111464 -0.817316 -7.62024 3 0.109925 0.0901455 23
25 0.539 -0.8 0 -0.111464 -0.817316 -7.62024 3 0.109925 0.0901455 23
25 0.539 -0.8 0 -0.111464 -0.817316 -7.62024 3 0.109925 0.0901455 22
25 0.539 -0.8 0 -0.111464 -0.817316 -7.62024 3 0.109925 0.0901455 20
25 0.539 -0.8 0 -0.111464 -0.817316 -7.62024 3 0.0718523 0.0901455 23
25 0.539 -0.8 0 -0.111464 -0.817316 -7.62024 3 0.0718523 0.0901455 21
25 0.539 -0.8 0 -0.111464 -0.817316 -7.62024 3 0.0339354 0.0901455 20
25 0.539 -0.8 0 -0.111464 -0.817316 -7.62024 3 0.0339354 0.0901455 20
25 0.539 -0.8 0 -0.111464 -0.817316 -7.62024 3 -0.00367038 0.0901455 23
25 0.539 -0.8 0 -0.111464 -0.817316 -7.62024 3 -0.00367038 0.0901455 30
25 0.539 -0.8 0 -0.111464 -0.817316 -7.62024 3 -0.0412451 0.0901455 26
25 0.539 -0.8 0 -0.111464 -0.817316 -7.62024 3 -0.0412451 0.0901455 37
25 0.539 -0.8 0 -0.111464 -0.817316 -7.62024 3 -0.0786331 0.0901455 30
25 0.539 -0.8 0 -0.111464 -0.817316 -7.62024 3 -0.0786331 0.0901455 24
25 0.539 -0.8 0 -0.111464 -0.817316 -7.62024 3 -0.115866 0.0901455 20
26 8.539 0.7 0 7.87557 0.664361 -6.7873 3 -0.378266 0.0901455 30
26 8.539 0.7 0 7.87557 0.664361 -6.7873 3 -0.190704 0.0901455 23
26 8.539 0.7 0 7.87557 0.664361 -6.7873 3 -0.190704 0.0901455 20
26 8.539 0.7 0 7.87557 0.664361 -6.7873 3 -0.153503 0.0901455 54
26 8.539 0.7 0 7.87557 0.664361 -6.7873 3 -0.153503 0.0901455 107
26 8.539 0.7 0 7.87557 0.664361 -6.7873 3 -0.153503 0.0901455 30
26 8.539 0.7 0 7.87557 0.664361 -6.7873 3 -0.0789131 0.0901455 23
26 8.539 0.7 0 7.87557 0.664361 -6.7873 3 -0.0789131 0.0901455 25
26 8.539 0.7 0 7.87557 0.664361 -6.7873 3 -0.0789131 0.0901455 24
26 8.539 0.7 0 7.87557 0.664361 -6.7873 3 -0.0789131 0.0901455 28
26 8.539 0.7 0 7.87557 0.664361 -6.7873 3 -0.0413695 0.0901455 28
26 8.539 0.7 0 7.87557 0.664361 -6.7873 3 -0.00363927 0.0901455 21
26 8.539 0.7 0 7.87557 0.664361 -6.7873 3 -0.00363927 0.0901455 21
26 8.539 0.7 0 7.87557 0.664361 -6.7873 3 -0.00363927 0.0901455 22
26 8.539 0.7 0 7.87557 0.664361 -6.7873 3 0.0337177 0.0901455 31
26 8.539 0.7 0 7.87557 0.664361 -6.7873 3 0.0337177 0.0901455 25
26 8.539 0.7 0 7.87557 0.664361 -6.7873 3 0.0337177 0.0901455 27
26 8.539 0.7 0 7.87557 0.664361 -6.7873 3 0.0712613 0.0901455 25
26 8.539 0.7 0 7.87557 0.664361 -6.7873 3 0.0712613 0.0901455 33
26 8.539 0.7 0 7.87557 0.664361 -6.7873 3 0.0712613 0.0901455 22
26 8.539 0.7 0 7.87557 0.664361 -6.7873 3 0.0712613 0.0901455 23
26 8.539 0.7 0 7.87557 0.664361 -6.7873 3 0.10896 0.0901455 24
26 8.539 0.7 0 7.87557 0.664361 -6.7873 3 0.10896 0.0901455 26
26 8.539 0.7 0 7.87557 0.664361 -6.7873 3 0.146566 0.0901455 28
26 8.539 0.7 0 7.87557 0.664361 -6.7873 3 0.146566 0.0901455 21
26 8.539 0.7 0 7.87557 0.664361 -6.7873 3 0.146566 0.0901455 24
26 8.539 0.7 0 7.87557 0.664361 -6.7873 3 0.184483 0.0901455 35
26 8.539 0.7 0 7.87557 0.664361 -6.7873 3 0.184483 0.0901455 769
26 8.539 0.7 0 7.87557 0.664361 -6.7873 3 0.184483 0.0901455 3935
26 8.539 0.7 0 7.87557 0.664361 -6.7873 3 0.184483 0.0901455 238
26 8.539 0.7 0 7.87557 0.664361 -6.7873 3 0.222338 0.0901455 30
26 8.539 0.7 0 7.87557 0.664361 -6.7873 3 0.222338 0.0901455 21
26 8.539 0.7 0 7.87557 0.664361 -6.7873 3 0.222338 0.0901455 20
26 8.539 0.7 0 7.87557 0.664361 -6.7873 3 0.259881 0.0901455 24
26 8.539 0.7 0 7.87557 0.664361 -6.7873 3 0.259881 0.0901455 22
26 8.539 0.7 0 7.87557 0.664361 -6.7873 3 0.297518 0.0901455 34
26 8.539 0.7 0 7.87557 0.664361 -6.7873 3 0.336368 0.0901455 32
26 8.539 0.7 0 7.87557 0.664361 -6.7873 3 0.336368 0.0901455 21
26 8.539 0.7 0 7.87557 0.664361 -6.7873 3 0.448968 0.0901455 21
26 8.539 0.7 0 7.87557 0.664361 -6.7873 3 0.48648 0.0901455 30
26 8.539 0.7 0 7.87557 0.664361 -6.7873 3 0.562656 0.0901455 23
26 8.539 0.7 0 7.87557 0.664361 -6.7873 3 0.562656 0.0901455 20
26 8.539 0.7 0 7.87557 0.664361 -6.7873 3 0.638085 0.0901455 21
26 8.539 0.7 0 7.87557 0.664361 -6.7873 3 0.638085 0.0901455 23
26 8.539 0.7 0 7.87557 0.664361 -6.7873 3 0.675162 0.0901455 20
26 8.539 0.7 0 7.87557 0.664361 -6.7873 3 0.599142 0.0901455 24
26 8.539 0.7 0 7.87557 0.664361 -6.7873 3 0.522562 0.0901455 25
26 8.539 0.7 0 7.87557 0.664361 -6.7873 3 0.372263 0.0901455 20
26 8.539 0.7 0 7.87557 0.664361 -6.7873 3 0.372263 0.0901455 23
26 8.539 0.7 0 7.87557 0.664361 -6.7873 3 0.334657 0.0901455 27
26 8.539 0.7 0 7.87557 0.664361 -6.7873 3 0.297176 0.0901455 20
26 8.539 0.7 0 7.87557 0.664361 -6.7873 3 0.297176 0.0901455 23
26 8.539 0.7 0 7.87557 0.664361 -6.7873 3 0.259726 0.0901455 20
26 8.539 0.7 0 7.87557 0.664361 -6.7873 3 0.259726 0.0901455 21
26 8.539 0.7 0 7.87557 0.664361 -6.7873 3 0.259726 0.0901455 29
26 8.539 0.7 0 7.87557 0.664361 -6.7873 3 0.222338 0.0901455 65
26 8.539 0.7 0 7.87557 0.664361 -6.7873 3 0.222338 0.0901455 3237
26 8.539 0.7 0 7.87557 0.664361 -6.7873 3 0.222338 0.0901455 1600
26 8.539 0.7 0 7.87557 0.664361 -6.7873 3 0.222338 0.0901455 53
26 8.539 0.7 0 7.87557 0.664361 -6.7873 3 0.184701 0.0901455 22
26 8.539 0.7 0 7.87557 0.664361 -6.7873 3 0.184701 0.0901455 23
26 8.539 0.7 0 7.87557 0.664361 -6.7873 3 0.184701 0.0901455 24
26 8.539 0.7 0 7.87557 0.664361 -6.7873 3 0.146908 0.0901455 28
26 8.539 0.7 0 7.87557 0.664361 -6.7873 3 0.146908 0.0901455 26
26 8.539 0.7 0 7.87557 0.664361 -6.7873 3 0.146908 0.0901455 22
26 8.539 0.7 0 7.87557 0.664361 -6.7873 3 0.109147 0.0901455 28
26 8.539 0.7 0 7.87557 0.664361 -6.7873 3 0.0714479 0.0901455 24
26 8.539 0.7 0 7.87557 0.664361 -6.7873 3 0.0714479 0.0901455 27
26 8.539 0.7 0 7.87557 0.664361 -6.7873 3 0.0714479 0.0901455 21
26 8.539 0.7 0 7.87557 0.664361 -6.7873 3 0.0335311 0.0901455 25
26 8.539 0.7 0 7.87557 0.664361 -6.7873 3 0.0335311 0.0901455 29
26 8.539 0.7 0 7.87557 0.664361 -6.7873 3 0.0335311 0.0901455 28
26 8.539 0.7 0 7.87557 0.664361 -6.7873 3 -0.00503899 0.0901455 33
26 8.539 0.7 0 7.87557 0.664361 -6.7873 3 -0.00503899 0.0901455 21
26 8.539 0.7 0 7.87557 0.664361 -6.7873 3 -0.0425204 0.0901455 26
26 8.539 0.7 0 7.87557 0.664361 -6.7873 3 -0.0425204 0.0901455 21
26 8.539 0.7 0 7.87557 0.664361 -6.7873 3 -0.117203 0.0901455 29
26 8.539 0.7 0 7.87557 0.664361 -6.7873 3 -0.117203 0.0901455 81
26 8.539 0.7 0 7.87557 0.664361 -6.7873 3 -0.117203 0.0901455 103
26 8.539 0.7 0 7.87557 0.664361 -6.7873 3 -0.154405 0.0901455 22
26 8.539 0.7 0 7.87557 0.664361 -6.7873 3 -0.154405 0.0901455 20
26 8.539 0.7 0 7.87557 0.664361 -6.7873 3 -0.340941 0.0901455 24
26 8.539 0.7 0 7.87557 0.664361 -6.7873 3 -0.378329 0.0901455 21
27 17.039 1.2 0 16.386 1.12313 1.33236 3 -0.716594 0.0901455 21
27 17.039 1.2 0 16.386 1.12313 1.33236 3 -0.603497 0.0901455 20
27 17.039 1.2 0 16.386 1.12313 1.33236 3 -0.341936 0.0901455 20
27 17.039 1.2 0 16.386 1.12313 1.33236 3 -0.341936 0.0901455 21
27 17.039 1.2 0 16.386 1.12313 1.33236 3 -0.304579 0.0901455 21
27 17.039 1.2 0 16.386 1.12313 1.33236 3 -0.304579 0.0901455 20
27 17.039 1.2 0 16.386 1.12313 1.33236 3 -0.266942 0.0901455 22
27 17.039 1.2 0 16.386 1.12313 1.33236 3 -0.266942 0.0901455 22
27 17.039 1.2 0 16.386 1.12313 1.33236 3 -0.266942 0.0901455 22
27 17.039 1.2 0 16.386 1.12313 1.33236 3 -0.266942 0.0901455 21
27 17.039 1.2 0 16.386 1.12313 1.33236 3 -0.229087 0.0901455 21
27 17.039 1.2 0 16.386 1.12313 1.33236 3 -0.229087 0.0901455 22
27 17.039 1.2 0 16.386 1.12313 1.33236 3 -0.191762 0.0901455 20
27 17.039 1.2 0 16.386 1.12313 1.33236 3 -0.154156 0.0901455 24
27 17.039 1.2 0 16.386 1.12313 1.33236 3 -0.154156 0.0901455 24
27 17.039 1.2 0 16.386 1.12313 1.33236 3 -0.154156 0.0901455 20
27 17.039 1.2 0 16.386 1.12313 1.33236 3 0.221529 0.0901455 21
27 17.039 1.2 0 16.386 1.12313 1.33236 3 0.259508 0.0901455 621
27 17.039 1.2 0 16.386 1.12313 1.33236 3 0.259508 0.0901455 4133
27 17.039 1.2 0 16.386 1.12313 1.33236 3 0.259508 0.0901455 3691
27 17.039 1.2 0 16.386 1.12313 1.33236 3 0.297456 0.0901455 3529
27 17.039 1.2 0 16.386 1.12313 1.33236 3 0.297456 0.0901455 2653
27 17.039 1.2 0 16.386 1.12313 1.33236 3 0.297456 0.0901455 42
29 -14.961 -0.8 180 -14.3795 -0.88517 -176.632 3 -0.785398 0.0901455 32
29 -14.961 -0.8 180 -14.3795 -0.88517 -176.632 3 -0.785398 0.0901455 31
29 -14.961 -0.8 180 -14.3795 -0.88517 -176.632 3 -0.785398 0.0901455 30
29 -14.961 -0.8 180 -14.3795 -0.88517 -176.632 3 -0.785398 0.0901455 29
29 -14.961 -0.8 180 -14.3795 -0.88517 -176.632 3 -0.785398 0.0901455 29
29 -14.961 -0.8 180 -14.3795 -0.88517 -176.632 3 -0.785398 0.0901455 36
29 -14.961 -0.8 180 -14.3795 -0.88517 -176.632 3 -0.783594 0.0901455 41
29 -14.961 -0.8 180 -14.3795 -0.88517 -176.632 3 -0.783594 0.0901455 33
29 -14.961 -0.8 180 -14.3795 -0.88517 -176.632 3 -0.783594 0.0901455 25
29 -14.961 -0.8 180 -14.3795 -0.88517 -176.632 3 -0.74997 0.0901455 34
29 -14.961 -0.8 180 -14.3795 -0.88517 -176.632 3 -0.716252 0.0901455 24
29 -14.961 -0.8 180 -14.3795 -0.88517 -176.632 3 -0.716252 0.0901455 31
29 -14.961 -0.8 180 -14.3795 -0.88517 -176.632 3 -0.603092 0.0901455 21
29 -14.961 -0.8 180 -14.3795 -0.88517 -176.632 3 -0.603092 0.0901455 20
29 -14.961 -0.8 180 -14.3795 -0.88517 -176.632 3 -0.603092 0.0901455 20
29 -14.961 -0.8 180 -14.3795 -0.88517 -176.632 3 -0.565549 0.0901455 20
29 -14.961 -0.8 180 -14.3795 -0.88517 -176.632 3 -0.490151 0.0901455 31
29 -14.961 -0.8 180 -14.3795 -0.88517 -176.632 3 -0.45155 0.0901455 33
29 -14.961 -0.8 180 -14.3795 -0.88517 -176.632 3 -0.41385 0.0901455 28
29 -14.961 -0.8 180 -14.3795 -0.88517 -176.632 3 -0.376556 0.0901455 35
29 -14.961 -0.8 180 -14.3795 -0.88517 -176.632 3 -0.376556 0.0901455 34
29 -14.961 -0.8 180 -14.3795 -0.88517 -176.632 3 -0.376556 0.0901455 26
29 -14.961 -0.8 180 -14.3795 -0.88517 -176.632 3 -0.33923 0.0901455 22
29 -14.961 -0.8 180 -14.3795 -0.88517 -176.632 3 -0.33923 0.0901455 26
29 -14.961 -0.8 180 -14.3795 -0.88517 -176.632 3 -0.33923 0.0901455 23
29 -14.961 -0.8 180 -14.3795 -0.88517 -176.632 3 -0.301935 0.0901455 23
29 -14.961 -0.8 180 -14.3795 -0.88517 -176.632 3 -0.301935 0.0901455 22
29 -14.961 -0.8 180 -14.3795 -0.88517 -176.632 3 -0.301935 0.0901455 21
29 -14.961 -0.8 180 -14.3795 -0.88517 -176.632 3 -0.301935 0.0901455 24
29 -14.961 -0.8 180 -14.3795 -0.88517 -176.632 3 -0.264329 0.0901455 32
29 -14.961 -0.8 180 -14.3795 -0.88517 -176.632 3 -0.226786 0.0901455 21
29 -14.961 -0.8 180 -14.3795 -0.88517 -176.632 3 -0.226786 0.0901455 22
29 -14.961 -0.8 180 -14.3795 -0.88517 -176.632 3 -0.226786 0.0901455 24
29 -14.961 -0.8 180 -14.3795 -0.88517 -176.632 3 -0.226786 0.0901455 20
29 -14.961 -0.8 180 -14.3795 -0.88517 -176.632 3 -0.189491 0.0901455 27
29 -14.961 -0.8 180 -14.3795 -0.88517 -176.632 3 -0.189491 0.0901455 31
29 -14.961 -0.8 180 -14.3795 -0.88517 -176.632 3 -0.189491 0.0901455 22
29 -14.961 -0.8 180 -14.3795 -0.88517 -176.632 3 -0.189491 0.0901455 25
29 -14.961 -0.8 180 -14.3795 -0.88517 -176.632 3 -0.152227 0.0901455 32
29 -14.961 -0.8 180 -14.3795 -0.88517 -176.632 3 -0.152227 0.0901455 23
29 -14.961 -0.8 180 -14.3795 -0.88517 -176.632 3 -0.152227 0.0901455 30
29 -14.961 -0.8 180 -14.3795 -0.88517 -176.632 3 -0.114933 0.0901455 31
29 -14.961 -0.8 180 -14.3795 -0.88517 -176.632 3 -0.114933 0.0901455 27
29 -14.961 -0.8 180 -14.3795 -0.88517 -176.632 3 -0.114933 0.0901455 41
29 -14.961 -0.8 180 -14.3795 -0.88517 -176.632 3 -0.114933 0.0901455 345
29 -14.961 -0.8 180 -14.3795 -0.88517 -176.632 3 -0.0775756 0.0901455 126
29 -14.961 -0.8 180 -14.3795 -0.88517 -176.632 3 -0.0775756 0.0901455 24
29 -14.961 -0.8 180 -14.3795 -0.88517 -176.632 3 -0.0775756 0.0901455 22
29 -14.961 -0.8 180 -14.3795 -0.88517 -176.632 3 -0.0775756 0.0901455 23
29 -14.961 -0.8 180 -14.3795 -0.88517 -176.632 3 -0.0403741 0.0901455 24
29 -14.961 -0.8 180 -14.3795 -0.88517 -176.632 3 -0.0403741 0.0901455 25
29 -14.961 -0.8 180 -14.3795 -0.88517 -176.632 3 -0.0403741 0.0901455 26
29 -14.961 -0.8 180 -14.3795 -0.88517 -176.632 3 -0.00289275 0.0901455 25
29 -14.961 -0.8 180 -14.3795 -0.88517 -176.632 3 -0.00289275 0.0901455 26
29 -14.961 -0.8 180 -14.3795 -0.88517 -176.632 3 -0.00289275 0.0901455 21
29 -14.961 -0.8 180 -14.3795 -0.88517 -176.632 3 -0.00289275 0.0901455 32
29 -14.961 -0.8 180 -14.3795 -0.88517 -176.632 3 0.0346508 0.0901455 30
29 -14.961 -0.8 180 -14.3795 -0.88517 -176.632 3 0.0346508 0.0901455 24
29 -14.961 -0.8 180 -14.3795 -0.88517 -176.632 3 0.0346508 0.0901455 33
29 -14.961 -0.8 180 -14.3795 -0.88517 -176.632 3 0.0346508 0.0901455 25
29 -14.961 -0.8 180 -14.3795 -0.88517 -176.632 3 0.0722566 0.0901455 34
29 -14.961 -0.8 180 -14.3795 -0.88517 -176.632 3 0.0722566 0.0901455 33
29 -14.961 -0.8 180 -14.3795 -0.88517 -176.632 3 0.0722566 0.0901455 25
29 -14.961 -0.8 180 -14.3795 -0.88517 -176.632 3 0.0722566 0.0901455 26
29 -14.961 -0.8 180 -14.3795 -0.88517 -176.632 3 0.109956 0.0901455 52
29 -14.961 -0.8 180 -14.3795 -0.88517 -176.632 3 0.109956 0.0901455 1448
29 -14.961 -0.8 180 -14.3795 -0.88517 -176.632 3 0.109956 0.0901455 4805
29 -14.961 -0.8 180 -14.3795 -0.88517 -176.632 3 0.147375 0.0901455 2639
29 -14.961 -0.8 180 -14.3795 -0.88517 -176.632 3 0.147375 0.0901455 132
29 -14.961 -0.8 180 -14.3795 -0.88517 -176.632 3 0.147375 0.0901455 27
29 -14.961 -0.8 180 -14.3795 -0.88517 -176.632 3 0.147375 0.0901455 23
29 -14.961 -0.8 180 -14.3795 -0.88517 -176.632 3 0.184981 0.0901455 20
29 -14.961 -0.8 180 -14.3795 -0.88517 -176.632 3 0.184981 0.0901455 20
29 -14.961 -0.8 180 -14.3795 -0.88517 -176.632 3 0.297332 0.0901455 20
30 -19.461 -1.3 -90 -18.7815 -1.31821 -91.12 3 -0.71423 0.0901455 30
31 -19.461 -1.3 0 -18.831 -1.34302 -4.72674 3 -0.564336 0.0901455 22
31 -19.461 -1.3 0 -18.831 -1.34302 -4.72674 3 -0.451954 0.0901455 23
31 -19.461 -1.3 0 -18.831 -1.34302 -4.72674 3 -0.451954 0.0901455 20
31 -19.461 -1.3 0 -18.831 -1.34302 -4.72674 3 -0.338732 0.0901455 20
31 -19.461 -1.3 0 -18.831 -1.34302 -4.72674 3 -0.301157 0.0901455 34
31 -19.461 -1.3 0 -18.831 -1.34302 -4.72674 3 -0.301157 0.0901455 29
31 -19.461 -1.3 0 -18.831 -1.34302 -4.72674 3 -0.301157 0.0901455 26
31 -19.461 -1.3 0 -18.831 -1.34302 -4.72674 3 -0.263583 0.0901455 23
31 -19.461 -1.3 0 -18.831 -1.34302 -4.72674 3 -0.263583 0.0901455 29
31 -19.461 -1.3 0 -18.831 -1.34302 -4.72674 3 -0.263583 0.0901455 24
31 -19.461 -1.3 0 -18.831 -1.34302 -4.72674 3 -0.263583 0.0901455 32
31 -19.461 -1.3 0 -18.831 -1.34302 -4.72674 3 -0.226319 0.0901455 68
31 -19.461 -1.3 0 -18.831 -1.34302 -4.72674 3 -0.226319 0.0901455 21
31 -19.461 -1.3 0 -18.831 -1.34302 -4.72674 3 0.0738119 0.0901455 27
31 -19.461 -1.3 0 -18.831 -1.34302 -4.72674 3 0.0738119 0.0901455 33
31 -19.461 -1.3 0 -18.831 -1.34302 -4.72674 3 0.0738119 0.0901455 33
31 -19.461 -1.3 0 -18.831 -1.34302 -4.72674 3 0.0738119 0.0901455 47
31 -19.461 -1.3 0 -18.831 -1.34302 -4.72674 3 0.111262 0.0901455 35
31 -19.461 -1.3 0 -18.831 -1.34302 -4.72674 3 0.111262 0.0901455 26
31 -19.461 -1.3 0 -18.831 -1.34302 -4.72674 3 0.111262 0.0901455 35
31 -19.461 -1.3 0 -18.831 -1.34302 -4.72674 3 0.111262 0.0901455 38
31 -19.461 -1.3 0 -18.831 -1.34302 -4.72674 3 0.149335 0.0901455 29
31 -19.461 -1.3 0 -18.831 -1.34302 -4.72674 3 0.149335 0.0901455 40
31 -19.461 -1.3 0 -18.831 -1.34302 -4.72674 3 0.149335 0.0901455 34
31 -19.461 -1.3 0 -18.831 -1.34302 -4.72674 3 0.149335 0.0901455 32
31 -19.461 -1.3 0 -18.831 -1.34302 -4.72674 3 0.186909 0.0901455 28
31 -19.461 -1.3 0 -18.831 -1.34302 -4.72674 3 0.186909 0.0901455 24
31 -19.461 -1.3 0 -18.831 -1.34302 -4.72674 3 0.186909 0.0901455 21
31 -19.461 -1.3 0 -18.831 -1.34302 -4.72674 3 0.224515 0.0901455 31
31 -19.461 -1.3 0 -18.831 -1.34302 -4.72674 3 0.224515 0.0901455 24
31 -19.461 -1.3 0 -18.831 -1.34302 -4.72674 3 0.224515 0.0901455 20
31 -19.461 -1.3 0 -18.831 -1.34302 -4.72674 3 0.261872 0.0901455 20
31 -19.461 -1.3 0 -18.831 -1.34302 -4.72674 3 0.261872 0.0901455 26
31 -19.461 -1.3 0 -18.831 -1.34302 -4.72674 3 0.299353 0.0901455 23
31 -19.461 -1.3 0 -18.831 -1.34302 -4.72674 3 0.299353 0.0901455 28
31 -19.461 -1.3 0 -18.831 -1.34302 -4.72674 3 0.337052 0.0901455 42
31 -19.461 -1.3 0 -18.831 -1.34302 -4.72674 3 0.337052 0.0901455 21
31 -19.461 -1.3 0 -18.831 -1.34302 -4.72674 3 0.374658 0.0901455 23
31 -19.461 -1.3 0 -18.831 -1.34302 -4.72674 3 0.374658 0.0901455 43
31 -19.461 -1.3 0 -18.831 -1.34302 -4.72674 3 0.412109 0.0901455 31
31 -19.461 -1.3 0 -18.831 -1.34302 -4.72674 3 0.412109 0.0901455 38
31 -19.461 -1.3 0 -18.831 -1.34302 -4.72674 3 0.412109 0.0901455 28
31 -19.461 -1.3 0 -18.831 -1.34302 -4.72674 3 0.600977 0.0901455 21
31 -19.461 -1.3 0 -18.831 -1.34302 -4.72674 3 0.638583 0.0901455 23
31 -19.461 -1.3 0 -18.831 -1.34302 -4.72674 3 0.638583 0.0901455 24
31 -19.461 -1.3 0 -18.831 -1.34302 -4.72674 3 0.714013 0.0901455 31
31 -19.461 -1.3 0 -18.831 -1.34302 -4.72674 3 0.771556 0.0901455 21
31 -19.461 -1.3 0 -18.831 -1.34302 -4.72674 3 0.771556 0.0901455 24
31 -19.461 -1.3 0 -18.831 -1.34302 -4.72674 3 0.771556 0.0901455 24
31 -19.461 -1.3 0 -18.831 -1.34302 -4.72674 3 0.783656 0.0901455 22
31 -19.461 -1.3 0 -18.831 -1.34302 -4.72674 3 0.783656 0.0901455 22
31 -19.461 -1.3 0 -18.831 -1.34302 -4.72674 3 0.785398 0.0901455 21
31 -19.461 -1.3 0 -18.831 -1.34302 -4.72674 3 0.785398 0.0901455 21
31 -19.461 -1.3 0 -18.831 -1.34302 -4.72674 3 0.785398 0.0901455 21
31 -19.461 -1.3 0 -18.831 -1.34302 -4.72674 3 0.785398 0.0901455 21
31 -19.461 -1.3 0 -18.831 -1.34302 -4.72674 3 0.785398 0.0901455 21
31 -19.461 -1.3 0 -18.831 -1.34302 -4.72674 3 0.785398 0.0901455 21
31 -19.461 -1.3 0 -18.831 -1.34302 -4.72674 3 0.785398 0.0901455 21
31 -19.461 -1.3 0 -18.831 -1.34302 -4.72674 3 0.785398 0.0901455 21
31 -19.461 -1.3 0 -18.831 -1.34302 -4.72674 3 0.785398 0.0901455 20
31 -19.461 -1.3 0 -18.831 -1.34302 -4.72674 3 0.785398 0.0901455 20
31 -19.461 -1.3 0 -18.831 -1.34302 -4.72674 3 0.783563 0.0901455 20
31 -19.461 -1.3 0 -18.831 -1.34302 -4.72674 3 0.783563 0.0901455 21
31 -19.461 -1.3 0 -18.831 -1.34302 -4.72674 3 0.747792 0.0901455 32
31 -19.461 -1.3 0 -18.831 -1.34302 -4.72674 3 0.675505 0.0901455 28
31 -19.461 -1.3 0 -18.831 -1.34302 -4.72674 3 0.599951 0.0901455 20
31 -19.461 -1.3 0 -18.831 -1.34302 -4.72674 3 0.448906 0.0901455 39
31 -19.461 -1.3 0 -18.831 -1.34302 -4.72674 3 0.448906 0.0901455 30
31 -19.461 -1.3 0 -18.831 -1.34302 -4.72674 3 0.411518 0.0901455 41
31 -19.461 -1.3 0 -18.831 -1.34302 -4.72674 3 0.411518 0.0901455 21
31 -19.461 -1.3 0 -18.831 -1.34302 -4.72674 3 0.336337 0.0901455 45
31 -19.461 -1.3 0 -18.831 -1.34302 -4.72674 3 0.336337 0.0901455 28
31 -19.461 -1.3 0 -18.831 -1.34302 -4.72674 3 0.336337 0.0901455 23
31 -19.461 -1.3 0 -18.831 -1.34302 -4.72674 3 0.298887 0.0901455 28
31 -19.461 -1.3 0 -18.831 -1.34302 -4.72674 3 0.298887 0.0901455 22
31 -19.461 -1.3 0 -18.831 -1.34302 -4.72674 3 0.261436 0.0901455 29
31 -19.461 -1.3 0 -18.831 -1.34302 -4.72674 3 0.261436 0.0901455 24
31 -19.461 -1.3 0 -18.831 -1.34302 -4.72674 3 0.223333 0.0901455 31
31 -19.461 -1.3 0 -18.831 -1.34302 -4.72674 3 0.223333 0.0901455 21
31 -19.461 -1.3 0 -18.831 -1.34302 -4.72674 3 0.223333 0.0901455 25
31 -19.461 -1.3 0 -18.831 -1.34302 -4.72674 3 0.223333 0.0901455 36
31 -19.461 -1.3 0 -18.831 -1.34302 -4.72674 3 0.185758 0.0901455 33
31 -19.461 -1.3 0 -18.831 -1.34302 -4.72674 3 0.185758 0.0901455 30
31 -19.461 -1.3 0 -18.831 -1.34302 -4.72674 3 0.185758 0.0901455 32
31 -19.461 -1.3 0 -18.831 -1.34302 -4.72674 3 0.148246 0.0901455 31
31 -19.461 -1.3 0 -18.831 -1.34302 -4.72674 3 0.148246 0.0901455 35
31 -19.461 -1.3 0 -18.831 -1.34302 -4.72674 3 0.148246 0.0901455 38
31 -19.461 -1.3 0 -18.831 -1.34302 -4.72674 3 0.148246 0.0901455 44
31 -19.461 -1.3 0 -18.831 -1.34302 -4.72674 3 0.110889 0.0901455 38
31 -19.461 -1.3 0 -18.831 -1.34302 -4.72674 3 0.110889 0.0901455 49
31 -19.461 -1.3 0 -18.831 -1.34302 -4.72674 3 0.110889 0.0901455 33
31 -19.461 -1.3 0 -18.831 -1.34302 -4.72674 3 0.0732209 0.0901455 37
31 -19.461 -1.3 0 -18.831 -1.34302 -4.72674 3 -0.190144 0.0901455 21
31 -19.461 -1.3 0 -18.831 -1.34302 -4.72674 3 -0.190144 0.0901455 86
31 -19.461 -1.3 0 -18.831 -1.34302 -4.72674 3 -0.227594 0.0901455 30
31 -19.461 -1.3 0 -18.831 -1.34302 -4.72674 3 -0.227594 0.0901455 34
31 -19.461 -1.3 0 -18.831 -1.34302 -4.72674 3 -0.227594 0.0901455 37
31 -19.461 -1.3 0 -18.831 -1.34302 -4.72674 3 -0.265729 0.0901455 31
31 -19.461 -1.3 0 -18.831 -1.34302 -4.72674 3 -0.265729 0.0901455 38
31 -19.461 -1.3 0 -18.831 -1.34302 -4.72674 3 -0.265729 0.0901455 29
31 -19.461 -1.3 0 -18.831 -1.34302 -4.72674 3 -0.303241 0.0901455 20
31 -19.461 -1.3 0 -18.831 -1.34302 -4.72674 3 -0.416339 0.0901455 20
31 -19.461 -1.3 0 -18.831 -1.34302 -4.72674 3 -0.416339 0.0901455 24
32 -20.461 -1.8 180 -19.8305 -1.81237 177.163 3 -0.379448 0.0901455 20
32 -20.461 -1.8 180 -19.8305 -1.81237 177.163 3 -0.341874 0.0901455 23
32 -20.461 -1.8 180 -19.8305 -1.81237 177.163 3 -0.30461 0.0901455 22
32 -20.461 -1.8 180 -19.8305 -1.81237 177.163 3 -0.30461 0.0901455 21
32 -20.461 -1.8 180 -19.8305 -1.81237 177.163 3 -0.26688 0.0901455 27
32 -20.461 -1.8 180 -19.8305 -1.81237 177.163 3 -0.229585 0.0901455 29
32 -20.461 -1.8 180 -19.8305 -1.81237 177.163 3 -0.229585 0.0901455 32
32 -20.461 -1.8 180 -19.8305 -1.81237 177.163 3 -0.229585 0.0901455 21
32 -20.461 -1.8 180 -19.8305 -1.81237 177.163 3 -0.192259 0.0901455 20
32 -20.461 -1.8 180 -19.8305 -1.81237 177.163 3 -0.192259 0.0901455 28
32 -20.461 -1.8 180 -19.8305 -1.81237 177.163 3 -0.192259 0.0901455 26
32 -20.461 -1.8 180 -19.8305 -1.81237 177.163 3 -0.192259 0.0901455 24
32 -20.461 -1.8 180 -19.8305 -1.81237 177.163 3 -0.154716 0.0901455 20
32 -20.461 -1.8 180 -19.8305 -1.81237 177.163 3 -0.154716 0.0901455 30
32 -20.461 -1.8 180 -19.8305 -1.81237 177.163 3 -0.154716 0.0901455 27
32 -20.461 -1.8 180 -19.8305 -1.81237 177.163 3 -0.154716 0.0901455 28
32 -20.461 -1.8 180 -19.8305 -1.81237 177.163 3 -0.116363 0.0901455 21
32 -20.461 -1.8 180 -19.8305 -1.81237 177.163 3 -0.116363 0.0901455 25
32 -20.461 -1.8 180 -19.8305 -1.81237 177.163 3 -0.078882 0.0901455 22
32 -20.461 -1.8 180 -19.8305 -1.81237 177.163 3 -0.078882 0.0901455 23
32 -20.461 -1.8 180 -19.8305 -1.81237 177.163 3 -0.078882 0.0901455 27
32 -20.461 -1.8 180 -19.8305 -1.81237 177.163 3 -0.078882 0.0901455 24
32 -20.461 -1.8 180 -19.8305 -1.81237 177.163 3 -0.0413384 0.0901455 23
32 -20.461 -1.8 180 -19.8305 -1.81237 177.163 3 -0.0413384 0.0901455 29
32 -20.461 -1.8 180 -19.8305 -1.81237 177.163 3 -0.0413384 0.0901455 25
32 -20.461 -1.8 180 -19.8305 -1.81237 177.163 3 -0.0413384 0.0901455 24
32 -20.461 -1.8 180 -19.8305 -1.81237 177.163 3 -0.0038259 0.0901455 22
32 -20.461 -1.8 180 -19.8305 -1.81237 177.163 3 -0.0038259 0.0901455 37
32 -20.461 -1.8 180 -19.8305 -1.81237 177.163 3 -0.0038259 0.0901455 2332
32 -20.461 -1.8 180 -19.8305 -1.81237 177.163 3 -0.0038259 0.0901455 1917
32 -20.461 -1.8 180 -19.8305 -1.81237 177.163 3 0.0340287 0.0901455 27
32 -20.461 -1.8 180 -19.8305 -1.81237 177.163 3 0.0340287 0.0901455 21
32 -20.461 -1.8 180 -19.8305 -1.81237 177.163 3 0.0717278 0.0901455 20
32 -20.461 -1.8 180 -19.8305 -1.81237 177.163 3 0.0717278 0.0901455 20
32 -20.461 -1.8 180 -19.8305 -1.81237 177.163 3 0.0717278 0.0901455 20
32 -20.461 -1.8 180 -19.8305 -1.81237 177.163 3 0.147219 0.0901455 27
32 -20.461 -1.8 180 -19.8305 -1.81237 177.163 3 0.147219 0.0901455 21
32 -20.461 -1.8 180 -19.8305 -1.81237 177.163 3 0.185136 0.0901455 23
32 -20.461 -1.8 180 -19.8305 -1.81237 177.163 3 0.185136 0.0901455 28
32 -20.461 -1.8 180 -19.8305 -1.81237 177.163 3 0.222991 0.0901455 20
32 -20.461 -1.8 180 -19.8305 -1.81237 177.163 3 0.222991 0.0901455 21
32 -20.461 -1.8 180 -19.8305 -1.81237 177.163 3 0.298047 0.0901455 20
32 -20.461 -1.8 180 -19.8305 -1.81237 177.163 3 0.373041 0.0901455 20
32 -20.461 -1.8 180 -19.8305 -1.81237 177.163 3 0.410553 0.0901455 23
32 -20.461 -1.8 180 -19.8305 -1.81237 177.163 3 0.410553 0.0901455 22
32 -20.461 -1.8 180 -19.8305 -1.81237 177.163 3 0.448066 0.0901455 23
32 -20.461 -1.8 180 -19.8305 -1.81237 177.163 3 0.448066 0.0901455 21
32 -20.461 -1.8 180 -19.8305 -1.81237 177.163 3 0.448066 0.0901455 25
32 -20.461 -1.8 180 -19.8305 -1.81237 177.163 3 0.485983 0.0901455 20
32 -20.461 -1.8 180 -19.8305 -1.81237 177.163 3 0.485983 0.0901455 24
32 -20.461 -1.8 180 -19.8305 -1.81237 177.163 3 0.523682 0.0901455 28
32 -20.461 -1.8 180 -19.8305 -1.81237 177.163 3 0.523682 0.0901455 21
32 -20.461 -1.8 180 -19.8305 -1.81237 177.163 3 0.562158 0.0901455 24
32 -20.461 -1.8 180 -19.8305 -1.81237 177.163 3 0.713826 0.0901455 23
32 -20.461 -1.8 180 -19.8305 -1.81237 177.163 3 0.600697 0.0901455 25
32 -20.461 -1.8 180 -19.8305 -1.81237 177.163 3 0.562812 0.0901455 20
32 -20.461 -1.8 180 -19.8305 -1.81237 177.163 3 0.562812 0.0901455 27
32 -20.461 -1.8 180 -19.8305 -1.81237 177.163 3 0.562812 0.0901455 34
32 -20.461 -1.8 180 -19.8305 -1.81237 177.163 3 0.524895 0.0901455 24
32 -20.461 -1.8 180 -19.8305 -1.81237 177.163 3 0.524895 0.0901455 24
32 -20.461 -1.8 180 -19.8305 -1.81237 177.163 3 0.524895 0.0901455 24
32 -20.461 -1.8 180 -19.8305 -1.81237 177.163 3 0.48732 0.0901455 20
32 -20.461 -1.8 180 -19.8305 -1.81237 177.163 3 0.48732 0.0901455 23
32 -20.461 -1.8 180 -19.8305 -1.81237 177.163 3 0.48732 0.0901455 20
32 -20.461 -1.8 180 -19.8305 -1.81237 177.163 3 0.449621 0.0901455 23
32 -20.461 -1.8 180 -19.8305 -1.81237 177.163 3 0.449621 0.0901455 20
32 -20.461 -1.8 180 -19.8305 -1.81237 177.163 3 0.41214 0.0901455 21
32 -20.461 -1.8 180 -19.8305 -1.81237 177.163 3 0.336741 0.0901455 20
32 -20.461 -1.8 180 -19.8305 -1.81237 177.163 3 0.261374 0.0901455 24
32 -20.461 -1.8 180 -19.8305 -1.81237 177.163 3 0.223924 0.0901455 25
32 -20.461 -1.8 180 -19.8305 -1.81237 177.163 3 0.223924 0.0901455 27
32 -20.461 -1.8 180 -19.8305 -1.81237 177.163 3 0.223924 0.0901455 22
32 -20.461 -1.8 180 -19.8305 -1.81237 177.163 3 0.186443 0.0901455 28
32 -20.461 -1.8 180 -19.8305 -1.81237 177.163 3 0.186443 0.0901455 27
32 -20.461 -1.8 180 -19.8305 -1.81237 177.163 3 0.073843 0.0901455 20
32 -20.461 -1.8 180 -19.8305 -1.81237 177.163 3 0.073843 0.0901455 20
32 -20.461 -1.8 180 -19.8305 -1.81237 177.163 3 0.073843 0.0901455 64
32 -20.461 -1.8 180 -19.8305 -1.81237 177.163 3 0.0363927 0.0901455 3501
32 -20.461 -1.8 180 -19.8305 -1.81237 177.163 3 0.0363927 0.0901455 758
32 -20.461 -1.8 180 -19.8305 -1.81237 177.163 3 0.0363927 0.0901455 23
32 -20.461 -1.8 180 -19.8305 -1.81237 177.163 3 -0.00133751 0.0901455 23
32 -20.461 -1.8 180 -19.8305 -1.81237 177.163 3 -0.00133751 0.0901455 22
32 -20.461 -1.8 180 -19.8305 -1.81237 177.163 3 -0.00133751 0.0901455 26
32 -20.461 -1.8 180 -19.8305 -1.81237 177.163 3 -0.00133751 0.0901455 28
32 -20.461 -1.8 180 -19.8305 -1.81237 177.163 3 -0.0388189 0.0901455 27
32 -20.461 -1.8 180 -19.8305 -1.81237 177.163 3 -0.0388189 0.0901455 28
32 -20.461 -1.8 180 -19.8305 -1.81237 177.163 3 -0.0388189 0.0901455 32
32 -20.461 -1.8 180 -19.8305 -1.81237 177.163 3 -0.0388189 0.0901455 24
32 -20.461 -1.8 180 -19.8305 -1.81237 177.163 3 -0.0761136 0.0901455 22
32 -20.461 -1.8 180 -19.8305 -1.81237 177.163 3 -0.0761136 0.0901455 22
32 -20.461 -1.8 180 -19.8305 -1.81237 177.163 3 -0.0761136 0.0901455 29
32 -20.461 -1.8 180 -19.8305 -1.81237 177.163 3 -0.113533 0.0901455 30
32 -20.461 -1.8 180 -19.8305 -1.81237 177.163 3 -0.113533 0.0901455 28
32 -20.461 -1.8 180 -19.8305 -1.81237 177.163 3 -0.113533 0.0901455 29
32 -20.461 -1.8 180 -19.8305 -1.81237 177.163 3 -0.113533 0.0901455 25
32 -20.461 -1.8 180 -19.8305 -1.81237 177.163 3 -0.151481 0.0901455 20
32 -20.461 -1.8 180 -19.8305 -1.81237 177.163 3 -0.151481 0.0901455 30
32 -20.461 -1.8 180 -19.8305 -1.81237 177.163 3 -0.151481 0.0901455 24
32 -20.461 -1.8 180 -19.8305 -1.81237 177.163 3 -0.188713 0.0901455 23
32 -20.461 -1.8 180 -19.8305 -1.81237 177.163 3 -0.188713 0.0901455 28
32 -20.461 -1.8 180 -19.8305 -1.81237 177.163 3 -0.188713 0.0901455 34
32 -20.461 -1.8 180 -19.8305 -1.81237 177.163 3 -0.226164 0.0901455 23
32 -20.461 -1.8 180 -19.8305 -1.81237 177.163 3 -0.226164 0.0901455 26
32 -20.461 -1.8 180 -19.8305 -1.81237 177.163 3 -0.263676 0.0901455 22
32 -20.461 -1.8 180 -19.8305 -1.81237 177.163 3 -0.33867 0.0901455 20
32 -20.461 -1.8 180 -19.8305 -1.81237 177.163 3 -0.33867 0.0901455 20
33 -27.961 -2.3 -90 -27.3878 -2.20338 -92.6533 3 -0.040623 0.0901455 24
33 -27.961 -2.3 -90 -27.3878 -2.20338 -92.6533 3 -0.040623 0.0901455 25
33 -27.961 -2.3 -90 -27.3878 -2.20338 -92.6533 3 -0.040623 0.0901455 22
33 -27.961 -2.3 -90 -27.3878 -2.20338 -92.6533 3 -0.00301717 0.0901455 38
33 -27.961 -2.3 -90 -27.3878 -2.20338 -92.6533 3 -0.00301717 0.0901455 25
33 -27.961 -2.3 -90 -27.3878 -2.20338 -92.6533 3 0.0346508 0.0901455 207
33 -27.961 -2.3 -90 -27.3878 -2.20338 -92.6533 3 0.0346508 0.0901455 29
33 -27.961 -2.3 -90 -27.3878 -2.20338 -92.6533 3 0.0346508 0.0901455 25
33 -27.961 -2.3 -90 -27.3878 -2.20338 -92.6533 3 0.0723188 0.0901455 33
33 -27.961 -2.3 -90 -27.3878 -2.20338 -92.6533 3 0.0723188 0.0901455 24
33 -27.961 -2.3 -90 -27.3878 -2.20338 -92.6533 3 0.0723188 0.0901455 20
33 -27.961 -2.3 -90 -27.3878 -2.20338 -92.6533 3 0.109831 0.0901455 51
33 -27.961 -2.3 -90 -27.3878 -2.20338 -92.6533 3 0.109831 0.0901455 32
33 -27.961 -2.3 -90 -27.3878 -2.20338 -92.6533 3 0.14753 0.0901455 23
33 -27.961 -2.3 -90 -27.3878 -2.20338 -92.6533 3 0.14753 0.0901455 21
33 -27.961 -2.3 -90 -27.3878 -2.20338 -92.6533 3 0.185136 0.0901455 35
33 -27.961 -2.3 -90 -27.3878 -2.20338 -92.6533 3 0.223986 0.0901455 20
33 -27.961 -2.3 -90 -27.3878 -2.20338 -92.6533 3 0.223986 0.0901455 21
33 -27.961 -2.3 -90 -27.3878 -2.20338 -92.6533 3 0.261592 0.0901455 22
33 -27.961 -2.3 -90 -27.3878 -2.20338 -92.6533 3 0.261592 0.0901455 21
33 -27.961 -2.3 -90 -27.3878 -2.20338 -92.6533 3 0.261592 0.0901455 20
33 -27.961 -2.3 -90 -27.3878 -2.20338 -92.6533 3 0.299011 0.0901455 27
33 -27.961 -2.3 -90 -27.3878 -2.20338 -92.6533 3 0.747108 0.0901455 20
33 -27.961 -2.3 -90 -27.3878 -2.20338 -92.6533 3 0.747108 0.0901455 21
33 -27.961 -2.3 -90 -27.3878 -2.20338 -92.6533 3 0.775569 0.0901455 20
34 -28.961 -4.8 0 -28.7616 -4.39842 -4.28601 3 0.0349619 0.0901455 23
34 -28.961 -4.8 0 -28.7616 -4.39842 -4.28601 3 0.0727543 0.0901455 20
34 -28.961 -4.8 0 -28.7616 -4.39842 -4.28601 3 0.0727543 0.0901455 23
34 -28.961 -4.8 0 -28.7616 -4.39842 -4.28601 3 0.0727543 0.0901455 24
34 -28.961 -4.8 0 -28.7616 -4.39842 -4.28601 3 0.110329 0.0901455 24
34 -28.961 -4.8 0 -28.7616 -4.39842 -4.28601 3 0.148619 0.0901455 24
34 -28.961 -4.8 0 -28.7616 -4.39842 -4.28601 3 0.413104 0.0901455 26
34 -28.961 -4.8 0 -28.7616 -4.39842 -4.28601 3 0.413104 0.0901455 20
34 -28.961 -4.8 0 -28.7616 -4.39842 -4.28601 3 0.450741 0.0901455 20
34 -28.961 -4.8 0 -28.7616 -4.39842 -4.28601 3 0.450741 0.0901455 21
34 -28.961 -4.8 0 -28.7616 -4.39842 -4.28601 3 0.488533 0.0901455 31
34 -28.961 -4.8 0 -28.7616 -4.39842 -4.28601 3 0.526326 0.0901455 22
34 -28.961 -4.8 0 -28.7616 -4.39842 -4.28601 3 0.526326 0.0901455 32
34 -28.961 -4.8 0 -28.7616 -4.39842 -4.28601 3 0.526326 0.0901455 34
34 -28.961 -4.8 0 -28.7616 -4.39842 -4.28601 3 0.5639 0.0901455 34
34 -28.961 -4.8 0 -28.7616 -4.39842 -4.28601 3 0.5639 0.0901455 30
34 -28.961 -4.8 0 -28.7616 -4.39842 -4.28601 3 0.602035 0.0901455 25
34 -28.961 -4.8 0 -28.7616 -4.39842 -4.28601 3 0.602035 0.0901455 20
34 -28.961 -4.8 0 -28.7616 -4.39842 -4.28601 3 0.639827 0.0901455 24
35 -25.961 -10.3 -90 -25.9173 -9.68457 -89.2359 3 -0.679673 0.0901455 34
35 -25.961 -10.3 -90 -25.9173 -9.68457 -89.2359 3 -0.642378 0.0901455 31
35 -25.961 -10.3 -90 -25.9173 -9.68457 -89.2359 3 -0.305543 0.0901455 20
35 -25.961 -10.3 -90 -25.9173 -9.68457 -89.2359 3 -0.268124 0.0901455 39
35 -25.961 -10.3 -90 -25.9173 -9.68457 -89.2359 3 -0.268124 0.0901455 32
35 -25.961 -10.3 -90 -25.9173 -9.68457 -89.2359 3 -0.268124 0.0901455 36
35 -25.961 -10.3 -90 -25.9173 -9.68457 -89.2359 3 -0.230643 0.0901455 39
35 -25.961 -10.3 -90 -25.9173 -9.68457 -89.2359 3 -0.230643 0.0901455 44
35 -25.961 -10.3 -90 -25.9173 -9.68457 -89.2359 3 -0.193255 0.0901455 22
35 -25.961 -10.3 -90 -25.9173 -9.68457 -89.2359 3 -0.155618 0.0901455 34
35 -25.961 -10.3 -90 -25.9173 -9.68457 -89.2359 3 -0.118385 0.0901455 51
35 -25.961 -10.3 -90 -25.9173 -9.68457 -89.2359 3 -0.0809038 0.0901455 78
35 -25.961 -10.3 -90 -25.9173 -9.68457 -89.2359 3 -0.0809038 0.0901455 147
35 -25.961 -10.3 -90 -25.9173 -9.68457 -89.2359 3 -0.0432669 0.0901455 25
35 -25.961 -10.3 -90 -25.9173 -9.68457 -89.2359 3 -0.0432669 0.0901455 26
35 -25.961 -10.3 -90 -25.9173 -9.68457 -89.2359 3 -0.0432669 0.0901455 66
35 -25.961 -10.3 -90 -25.9173 -9.68457 -89.2359 3 -0.00569219 0.0901455 36
35 -25.961 -10.3 -90 -25.9173 -9.68457 -89.2359 3 0.0317892 0.0901455 25
35 -25.961 -10.3 -90 -25.9173 -9.68457 -89.2359 3 0.107654 0.0901455 38
35 -25.961 -10.3 -90 -25.9173 -9.68457 -89.2359 3 0.107654 0.0901455 20
35 -25.961 -10.3 -90 -25.9173 -9.68457 -89.2359 3 0.107654 0.0901455 34
35 -25.961 -10.3 -90 -25.9173 -9.68457 -89.2359 3 0.145322 0.0901455 27
35 -25.961 -10.3 -90 -25.9173 -9.68457 -89.2359 3 0.145322 0.0901455 23
35 -25.961 -10.3 -90 -25.9173 -9.68457 -89.2359 3 0.183021 0.0901455 40
35 -25.961 -10.3 -90 -25.9173 -9.68457 -89.2359 3 0.183021 0.0901455 32
35 -25.961 -10.3 -90 -25.9173 -9.68457 -89.2359 3 0.220502 0.0901455 33
