  -1.5000000e-01   2.0000000e-01   0.0000000e+00   1.0000000e+00
   2.8500000e+00   2.0000000e-01   0.0000000e+00   1.0000000e+00
   7.3500000e+00   2.0000000e-01   0.0000000e+00   1.0000000e+00
   1.7350000e+01   2.0000000e-01   1.8000000e+02   1.0000000e+00
   1.1850000e+01   2.0000000e-01   1.8000000e+02   1.0000000e+00
   4.8500000e+00  -8.0000000e-01   1.8000000e+02   1.0000000e+00
  -1.6500000e+00  -1.3000000e+00   1.8000000e+02   1.0000000e+00
  -6.6500000e+00  -2.3000000e+00   1.8000000e+02   1.0000000e+00
  -8.1500000e+00  -8.3000000e+00  -9.0000000e+01   1.0000000e+00
  -8.1500000e+00  -1.1300000e+01  -9.0000000e+01   1.0000000e+00
  -8.6500000e+00  -2.3000000e+00   9.0000000e+01   1.0000000e+00
  -1.6650000e+01  -1.8000000e+00   1.8000000e+02   1.0000000e+00
  -2.1650000e+01  -3.3000000e+00   1.8000000e+02   1.0000000e+00
  -2.5150000e+01  -2.3000000e+00   1.8000000e+02   1.0000000e+00
  -2.7650000e+01  -2.8000000e+00   0.0000000e+00   1.0000000e+00
  -2.4150000e+01  -1.8000000e+00   0.0000000e+00   1.0000000e+00
