  -1.5000000e-01   2.0000000e-01   0.0000000e+00   0.0000000e+00
  -5.1500000e+00  -8.0000000e-01   1.8000000e+02   1.0000000e+00
  -1.0150000e+01  -8.0000000e-01   0.0000000e+00   1.0000000e+00
  -1.1150000e+01  -3.0000000e-01   0.0000000e+00   1.0000000e+00
  -1.7150000e+01  -1.3000000e+00   1.8000000e+02   1.0000000e+00
  -1.9150000e+01  -3.8000000e+00   9.0000000e+01   1.0000000e+00
  -2.1650000e+01  -1.8000000e+00   0.0000000e+00   1.0000000e+00
  -2.3150000e+01  -3.0000000e-01  -9.0000000e+01   1.0000000e+00
  -2.6150000e+01  -1.8000000e+00   0.0000000e+00   1.0000000e+00
  -2.6150000e+01  -3.3000000e+00   1.8000000e+02   1.0000000e+00
  -2.8650000e+01  -1.3000000e+00  -9.0000000e+01   1.0000000e+00
  -2.8650000e+01  -6.3000000e+00   9.0000000e+01   1.0000000e+00
  -7.6500000e+00  -6.3000000e+00   9.0000000e+01   1.0000000e+00
  -7.6500000e+00  -1.0300000e+01  -9.0000000e+01   1.0000000e+00
  -1.0150000e+01  -1.2800000e+01   0.0000000e+00   1.0000000e+00
  -5.1500000e+00  -1.3300000e+01   1.8000000e+02   1.0000000e+00
   4.8500000e+00  -1.8000000e+00   9.0000000e+01   1.0000000e+00
   3.3500000e+00  -8.0000000e-01   0.0000000e+00   1.0000000e+00
   7.8500000e+00  -8.0000000e-01   1.8000000e+02   1.0000000e+00
   8.3500000e+00  -1.3000000e+00   9.0000000e+01   1.0000000e+00
   1.0350000e+01  -1.3000000e+00   9.0000000e+01   1.0000000e+00
   1.3850000e+01  -3.0000000e-01   1.8000000e+02   1.0000000e+00
   6.8500000e+00   7.0000000e-01   0.0000000e+00   1.0000000e+00
