  -1.5000000e-01   2.0000000e-01   0.0000000e+00   0.0000000e+00
  -4.6500000e+00  -1.8000000e+00   1.8000000e+02   1.0000000e+00
  -7.1500000e+00  -1.8000000e+00   1.8000000e+02   1.0000000e+00
  -8.6500000e+00  -3.3000000e+00   9.0000000e+01   1.0000000e+00
  -9.1500000e+00   7.0000000e-01   1.8000000e+02   1.0000000e+00
  -6.6500000e+00   7.0000000e-01   1.8000000e+02   1.0000000e+00
  -1.0650000e+01  -8.0000000e-01   9.0000000e+01   1.0000000e+00
  -1.7150000e+01  -2.8000000e+00   1.8000000e+02   1.0000000e+00
  -2.0650000e+01  -3.3000000e+00   9.0000000e+01   1.0000000e+00
  -2.0650000e+01  -1.3000000e+00   1.8000000e+02   1.0000000e+00
  -1.9150000e+01  -3.0000000e-01   1.8000000e+02   1.0000000e+00
  -2.4150000e+01  -1.3000000e+00  -9.0000000e+01   1.0000000e+00
  -2.5650000e+01  -1.8000000e+00   1.8000000e+02   1.0000000e+00
  -2.8650000e+01  -8.0000000e-01  -9.0000000e+01   1.0000000e+00
  -2.7150000e+01  -5.8000000e+00   9.0000000e+01   1.0000000e+00
  -2.2650000e+01  -3.8000000e+00   1.8000000e+02   1.0000000e+00
  -7.1500000e+00  -1.1300000e+01  -9.0000000e+01   1.0000000e+00
  -1.0150000e+01  -1.2300000e+01  -9.0000000e+01   1.0000000e+00
  -4.6500000e+00  -1.4300000e+01   1.8000000e+02   1.0000000e+00
   3.3500000e+00  -1.3000000e+00   9.0000000e+01   1.0000000e+00
   4.8500000e+00  -8.0000000e-01   0.0000000e+00   1.0000000e+00
   8.3500000e+00  -3.0000000e-01   0.0000000e+00   1.0000000e+00
   8.3500000e+00  -1.3000000e+00   9.0000000e+01   1.0000000e+00
   1.1850000e+01  -1.3000000e+00   9.0000000e+01   1.0000000e+00
   1.0350000e+01   2.2000000e+00   0.0000000e+00   1.0000000e+00
   6.8500000e+00   1.7000000e+00   0.0000000e+00   1.0000000e+00
   3.3500000e+00   1.7000000e+00  -9.0000000e+01   1.0000000e+00
   3.5000000e-01   2.0000000e-01   0.0000000e+00   1.0000000e+00
