0 0 0 0 0 0 0 0 0 0 0 0 0 0 0 0 0 0 0 0 0 0 0 0 0 0 0 0 0 0 0 0 0 0 0 0 0 0 0 0 0 0 0 0 0 0 0 0 0 0 0 0 0 0 0 0 0 0
0 0 0 0 0 0 0 0 0 0 0 0 0 0 0 0 0 0 0 0 0 0 0 0 0 0 0 0 0 0 0 0 0 0 0 0 0 0 0 0 0 0 0 0 0 0 0 0 0 0 0 0 0 0 0 0 0 0
0 0 0 0 0 0 0 0 0 0 0 0 0 0 0 0 0 0 0 59.471 165.59 892 446 536.36 0 0 0 0 0 0 0 0 0 0 0 0 0 0 0 0 0 0 0 0 0 0 0 0 0 0 0 0 0 0 0 0 0 0
0 0 0 0 0 0 0 0 0 0 0 0 0 0 0 0 0 0 0 4.6139e-13 6.2865 2438.5 184.76 112.49 0 0 0 0 0 0 0 0 0 0 0 0 0 0 0 0 0 0 0 0 0 0 0 0 0 0 0 0 0 0 0 0 0 0
0 0 0 0 0 0 0 0 0 0 0 0 0 0 0 0 0 0 0 3.1025e-13 4333.3 4746.5 3904 127.6 2.9817e-11 0 0 0 0 0 0 0 0 0 0 0 0 0 0 0 0 0 0 0 0 0 0 0 0 0 0 0 0 0 0 0 0 0
0 0 0 0 0 0 0 0 0 0 0 0 0 0 0 0 0 0 0 2950.5 4898.5 5041.4 4819.9 2966.8 5.0738e-13 0 0 0 0 0 0 0 0 0 0 0 0 0 0 0 0 0 0 0 0 0 0 0 0 0 0 0 0 0 0 0 0 0
0 0 0 0 0 0 0 0 0 0 0 0 0 0 0 0 0 0 0 1.6021e-12 4299.2 4853.9 4306.9 2.8836e-13 0 0 0 0 0 0 0 0 0 0 0 0 0 0 0 0 0 0 0 0 0 0 0 0 0 0 0 0 0 0 0 0 0 0
0 0 0 0 0 0 0 0 0 0 0 0 0 0 0 0 0 0 0 11.227 129.07 3106.9 1.6133e-13 1.2026e-13 0 0 0 0 0 0 0 0 0 0 0 0 0 0 0 0 0 0 0 0 0 0 0 0 0 0 0 0 0 0 0 0 0 0
0 0 0 0 0 0 0 0 0 0 0 0 0 0 0 0 0 0 0 1.9175e-13 2.4316e-13 25.53 7.8959e-14 0 0 0 0 0 0 0 0 0 0 0 0 0 0 0 0 0 0 0 0 0 0 0 0 0 0 0 0 0 0 0 0 0 0 0
0 0 0 0 0 0 0 0 0 0 0 0 0 0 0 0 0 0 0 4.4196e-13 1.1743e-13 2.406e-13 1.6205e-12 0 0 0 0 0 0 0 0 0 0 0 0 0 0 0 0 0 0 0 0 0 0 0 0 0 0 0 0 0 0 0 0 0 0 0
0 0 0 0 0 0 0 0 0 0 0 0 0 0 0 0 0 0 0 5.284e-13 20.717 1.7999e-13 3.1083 0 0 0 0 0 0 0 0 0 0 0 0 0 0 0 0 0 0 0 0 0 0 0 0 0 0 0 0 0 0 0 0 0 0 0
0 0 0 0 0 0 0 0 0 0 0 0 0 0 0 0 0 0 0 2.8549e-13 8.3496e-13 1.5742e-13 6.6056 0 0 0 0 0 0 0 0 0 0 0 0 0 0 0 0 0 0 0 0 0 0 0 0 0 0 0 0 0 0 0 0 0 0 0
0 0 0 0 0 0 0 0 0 0 0 0 0 0 0 0 0 0 4.2629e-12 7.8009e-13 14.02 5.9184e-14 27.058 0 0 0 0 0 0 0 0 0 0 0 0 0 0 0 0 0 0 0 0 0 0 0 0 0 0 0 0 0 0 0 0 0 0 0
0 0 0 0 0 0 0 0 0 0 0 0 0 0 0 0 0 0 7.9203e-13 8.0889e-13 9.7691e-14 6.241e-14 3.4171 2.5073e-13 0 0 0 0 0 0 0 0 0 0 0 0 0 0 0 0 0 0 0 0 0 0 0 0 0 0 0 0 0 0 0 0 0 0
0 0 0 0 0 0 0 0 0 0 0 0 0 0 0 0 0 0 8.8521e-13 7.394e-13 4.9471e-14 0.30858 1.0951e-13 11.51 1.8574e-12 4.2047e-12 0.51359 0.48023 3.7764 0.52334 2.8368 4.7572 4.7546 2.8376 1.027 0.20231 8.4604 0.95941 5.1374e-13 3.6513e-13 3.8094e-13 1.3102e-13 40.521 1.098e-12 5.8496e-14 0 0 0 0 0 0 0 0 0 0 0 0 0
0 0 0 0 0 0 0 0 0 0 0 0 0 0 0 0 0 0 3.0428e-12 1.2501e-12 8.452e-14 2.1329 1.2145e-13 6.3254e-13 7.6066e-13 3.9002e-13 2.423e-13 1.952e-13 1.4645e-13 1.3382e-13 1.2787e-13 1.2457e-13 1.1442e-13 9.8461e-14 9.4001e-14 1.0876e-13 1.2345e-13 1.6986e-13 3.6748e-13 1.1723e-12 27.434 13.125 1.626e-13 4924.4 26.869 15.225 0 0 0 0 0 0 0 0 0 0 0 0
0 0 0 0 0 0 0 0 0 0 0 0 0 0 0 0 0 0 0 5.315e-12 1.0606e-13 0.041134 2.7685e-13 1.4152e-13 2.0284e-13 3.0007e-13 4.631e-13 6.8264e-13 1.7923e-12 4.5318e-11 1.866 3.1036e-12 4.1182e-12 2.1819e-12 3.3043e-12 2.3953e-12 2.7489e-12 1.1581e-12 5.2808e-13 3.4936e-13 4.3967e-13 5.9991e-13 4938 5055.3 5021.4 6.4265e-14 1.5556e-13 3.4569e-13 3.7367e-13 3.0036e-13 1.4938e-12 1.4633e-12 1.086e-12 4.7029e-12 0.15131 0 0 0
0 0 0 0 0 0 0 0 0 0 0 0 0 0 0 0 0 0 0 1.8399e-12 8.8607e-14 2.3797 0 0 0 0 0 0 0 0 1.2215e-10 1.6891e-11 8.0593e-12 4.9009e-12 3.0041e-12 1.8823e-12 1.159e-12 8.7223e-13 6.5755e-13 6.2734e-13 5.1257e-13 4.0323e-13 2.7213e-13 5026.6 4.6697e-13 8.9159e-14 2.6345e-13 1.5208e-12 0.18207 0.033398 4.5266e-12 1.834e-12 1.6739e-12 8.596e-13 7.7526e-13 0 0 0
0 0 0 0 0 0 0 0 0 0 0 0 0 0 0 0 0 0 0 9.3083e-13 1.3629e-13 4.1294e-13 0 0 0 0 0 0 0 0 0 0 0 0 0 0 0 0 0 5.9238e-12 1.3408e-12 6.3878e-13 5.2549e-13 7.3989e-13 2.7682e-13 1.2929e-13 1.091e-13 4.7842e-13 4.6037e-13 7.5914e-13 0.39691 0.48812 0.56912 0.23449 0.61037 0 0 0
0 0 0 0 0 0 0 0 0 0 0 0 0 0 0 0 0 0 0 1.0616e-12 1.5715e-13 3.4822e-13 0 0 0 0 0 0 0 0 0 0 0 0 0 0 0 0 0 0 0 0.00017654 1.8575e-11 1.7513e-12 8.4211e-13 5.5083e-13 1.761e-13 1.8242e-13 4.1276e-13 2.8076e-13 3.384e-13 1.1095e-12 1.6842e-12 4.3926e-12 0.24385 0 0 0
0 0 0 0 0 0 0 0 0 0 0 0 0 0 0 0 0 0 0 8.1278e-13 3.1769e-13 1.8521e-13 0 0 0 0 0 0 0 0 0 0 0 0 0 0 0 0 0 0 0 0 0 0 0 0 1.0135e-12 1.3825e-13 1.1827e-12 1.4575e-12 4.785e-13 3.8155e-13 8.2614e-11 0.17838 0.060517 0 0 0
0 0 0 0 0 0 0 0 0 0 0 0 0 0 0 0 0 0 0 6.9431e-13 1.2919e-12 1.426e-13 0 0 0 0 0 0 0 0 0 0 0 0 0 0 0 0 0 0 0 0 0 0 0 0 0 0 0 8.4883e-05 3.2517e-11 1.5347e-11 1.2083e-11 1.6297e-11 0.45084 0 0 0
0 0 0 0 0 0 0 0 0 0 0 0 0 0 0 0 0 0 0 4.3938e-13 1.1836e-11 1.4495e-13 2.6907e-13 0 0 0 0 0 0 0 0 0 0 0 0 0 0 0 0 0 0 0 0 0 0 0 0 0 0 0 0 0 0 0 0 0 0 0
0 0 0 0 0 0 0 0 0 0 0 0 0 0 0 0 0 0 0 4.0331e-13 5.6631e-11 8.4251e-14 21.693 0 0 0 0 0 0 0 0 0 0 0 0 0 0 0 0 0 0 0 0 0 0 0 0 0 0 0 0 0 0 0 0 0 0 0
0 0 0 0 0 0 0 0 0 0 0 0 0 0 0 0 0 0 0 3.4044e-13 8.4662 8.313e-14 7.9502 0 0 0 0 0 0 0 0 0 0 0 0 0 0 0 0 0 0 0 0 0 0 0 0 0 0 0 0 0 0 0 0 0 0 0
0 0 0 0 0 0 0 0 0 0 0 0 0 0 0 0 0 0 0 4.6132e-13 2.5211e-13 6.3221e-14 1.7701e-12 0 0 0 0 0 0 0 0 0 0 0 0 0 0 0 0 0 0 0 0 0 0 0 0 0 0 0 0 0 0 0 0 0 0 0
0 0 0 0 0 0 0 0 0 0 0 0 0 0 0 0 0 0 0 8.2527e-13 1.5464e-13 6.8726e-14 6.0973e-13 0 0 0 0 0 0 0 0 0 0 0 0 0 0 0 0 0 0 0 0 0 0 0 0 0 0 0 0 0 0 0 0 0 0 0
0 0 0 0 0 0 0 0 0 0 0 0 0 0 0 0 0 0 0 4.8002e-13 1.0383e-13 0 4.4944e-13 0 0 0 0 0 0 0 0 0 0 0 0 0 0 0 0 0 0 0 0 0 0 0 0 0 0 0 0 0 0 0 0 0 0 0
0 0 0 0 0 0 0 0 0 0 0 0 0 0 0 0 0 0 0 2.1148e-13 0 0 1.3994e-13 7.3504e-13 0 0 0 0 0 0 0 0 0 0 0 0 0 0 0 0 0 0 0 0 0 0 0 0 0 0 0 0 0 0 0 0 0 0
0 0 0 0 0 0 0 0 0 0 0 0 0 0 0 0 0 0 0 9.7118e-14 0 0 7.6562e-14 4.9691 0 0 0 0 0 0 0 0 0 0 0 0 0 0 0 0 0 0 0 0 0 0 0 0 0 0 0 0 0 0 0 0 0 0
0 0 0 0 0 0 0 0 0 0 0 0 0 0 0 0 0 0 0 7.9348e-14 0 0 7.2012e-14 6.3011e-12 3.7256e-13 0 0 0 0 0 0 0 0 0 0 0 0 0 0 0 0 0 0 0 0 0 0 0 0 0 0 0 0 0 0 0 0 0
0 0 0 0 0 0 0 0 0 0 0 0 0 0 0 0 0 0 0 0 0 0 6.2324e-14 6.7408e-13 1.3229e-13 9.331e-14 8.3585e-14 27.851 0 0 0 0 0 0 0 0 0 0 0 0 0 0 0 0 0 0 0 0 0 0 0 0 0 0 0 0 0 0
0 0 0 0 0 0 0 0 0 0 0 0 0 0 0 0 0 0 0 0 0 0 7.3078e-14 1.6922e-13 8.9909e-14 6.214e-14 5.8521e-14 2.6641 19.416 0 0 207.84 4.15e-13 0 0 0 0 0 0 0 0 0 0 0 0 0 0 0 0 0 0 0 0 0 0 0 0 0
0 0 0 0 0 0 0 0 0 0 0 0 0 0 0 0 0 0 1.2859e-13 6.7285e-14 7.1243e-14 0 0 1.6347e-13 7.0918e-14 3.9865e-14 4.6295e-14 18.396 2.4481e-13 3.4299e-14 22.174 3.1016e-13 0 0 0 0 0 0 0 0 0 0 0 0 0 0 0 0 0 0 0 0 0 0 0 0 0 0
0 0 0 0 0 0 0 0 0 0 0 0 0 0 0 0 0 0 3.0926e-13 2.1216e-13 1.125e-13 7.9174e-14 5.6758e-14 5.5354e-14 7.0307e-14 2.6687e-14 2.7618e-14 30.985 3.2965e-14 2.3088e-12 3.4455 6.5879e-14 8.2415e-14 0 0 0 0 0 0 0 0 0 0 0 0 0 0 0 0 0 0 0 0 0 0 0 0 0
0 0 0 0 0 0 0 0 0 0 0 0 0 0 0 0 0 0 2.3124e-13 1.2473e-13 9.6088e-14 7.9293e-14 6.2205e-14 4.5295e-14 2.345e-14 1.5452e-14 3.1453e-14 12.335 6.9398e-14 19.199 5.1598e-14 5.554e-14 0 0 0 0 0 0 0 0 0 0 0 0 0 0 0 0 0 0 0 0 0 0 0 0 0 0
0 0 0 0 0 0 0 0 0 0 0 0 0 0 0 0 0 0 1.1944e-12 2.3136e-13 1.0143e-13 7.9579e-14 6.3164e-14 3.2541e-14 1.2911e-13 123.89 1074.4 130.2 71.41 3.891e-14 2.7853e-14 4.0344e-14 5.0451e-14 5.7288e-14 7.691e-14 7.1051e-14 0 0 0 0 0 0 0 0 0 0 0 0 0 0 0 0 0 0 0 0 0 0
0 0 0 0 0 0 0 0 0 0 0 0 0 0 0 0 0 0 1.7664e-13 1.2689e-13 9.0783e-14 5.8045e-14 4.2454e-14 1.4307e-13 3.2024e-14 3840.7 5168.4 3670.1 275.18 4.2587e-14 8.4606e-14 5.7251e-14 3.5729e-14 2.6983e-14 3.0153e-14 5.1248e-14 4.7955e-14 4.7052e-14 4.6721e-14 2.9109e-14 4.051e-14 0 0 0 0 0 0 0 0 0 0 0 0 0 0 0 0 0
0 0 0 0 0 0 0 0 0 0 0 0 0 0 0 0 0 0 1.1956 9.9821e-13 7.0633e-13 1.3233e-13 5.2736e-14 24.223 1190.6 4972.7 5025.1 4345 2135.7 5.4201e-14 1.9237e-13 6.1082e-14 5.922e-14 6.206e-14 2.6981e-14 2.1709e-14 7.383e-14 5.0121e-14 3.1411e-14 3.9478e-14 8.0311e-14 0 0 0 0 0 0 0 0 0 0 0 0 0 0 0 0 0
0 0 0 0 0 0 0 0 0 0 0 0 0 0 0 0 0 0 0 17.29 1.3844e-12 1.195e-13 3.8604e-14 20.388 155.24 3606.1 4746 3362.6 0 3.3522e-14 2.9675e-14 6.8017e-13 1.1514e-13 3.3498e-14 2.3377e-14 8.1268e-14 1.2953e-13 1.1101e-13 1.8192e-13 3.808e-13 3.5689e-13 0 0 0 0 0 0 0 0 0 0 0 0 0 0 0 0 0
0 0 0 0 0 0 0 0 0 0 0 0 0 0 0 0 0 0 0 0 0 1.0973e-13 1.1736e-13 7.5386e-14 67.625 450.85 1684.5 714.62 0 2.2924e-13 3.6538e-14 1.6289e-14 2.757e-14 4.7151e-14 1.0774e-13 8.1107e-14 6.0716e-14 1.1671e-13 1.3325e-12 0 0 0 0 0 0 0 0 0 0 0 0 0 0 0 0 0 0 0
0 0 0 0 0 0 0 0 0 0 0 0 0 0 0 0 5.1458e-13 2.9378e-13 0 0 0 6.3828e-14 84.478 2.0254e-13 8.6014 5.9729e-14 1.7942e-14 2.6466e-14 3.4836e-14 5.753e-14 4.6449e-14 3.4394e-14 1.7712e-14 2.9503e-14 1.5629e-13 4.4519e-13 7.6046e-13 1.3748e-13 9.1627e-14 0 0 0 0 0 0 0 0 0 0 0 0 0 0 0 0 0 0 0
0 0 0 0 0 0 0 0 0 0 0 0 0 0 0 0 5.8568e-13 2.5188e-13 2.5767e-13 0 0 5.8282e-14 18.34 59.899 1.4152e-13 1.2013e-14 4.2131e-14 19.513 1.7706e-14 4.3907e-14 4.6421e-14 6.1403e-14 8.877e-14 3.1966e-14 2.5715e-14 6.8499e-14 35.723 25.656 7.2017 0 0 0 0 0 0 0 0 0 0 0 0 0 0 0 0 0 0 0
0 0 0 0 0 0 0 0 0 0 0 0 0 0 0 0 5.8867e-13 2.7597e-13 2.0268e-13 3.8257e-13 1.0107e-13 26.165 6.2457e-14 2.0654e-13 1.4617e-14 1.597e-14 5.3496e-13 43.408 2.3856e-14 2.4397e-14 7.4088e-14 8.7924e-14 1.2439e-13 1.3189e-13 5.2282e-14 2.7939e-14 4.5878e-14 0 0 0 0 0 0 0 0 0 0 0 0 0 0 0 0 0 0 0 0 0
0 0 0 0 0 0 0 0 0 0 0 0 0 0 0 0 3.5518e-13 1.6945e-13 1.4988e-13 1.9222e-13 6.8666e-14 31.708 7.9607e-14 2.9161e-14 1.4733e-14 2.8153e-14 1.1024e-13 48.881 5.7878e-14 2.0924e-14 5.3734e-14 9.9098e-14 1.1572e-13 0 0 1.448e-13 0 0 0 0 0 0 0 0 0 0 0 0 0 0 0 0 0 0 0 0 0 0
0 0 0 0 0 0 0 0 0 0 0 0 0 0 0 0 2.2157e-13 1.4268e-13 1.3818e-13 1.066e-13 7.1162e-14 20.219 3.0162e-14 1.6585e-14 3.5818e-14 2.506e-14 7.7395e-13 2.0131e-13 9.8543e-14 3.193e-14 2.4889e-14 1.5648e-13 0 0 0 0 0 0 0 0 0 0 0 0 0 0 0 0 0 0 0 0 0 0 0 0 0 0
0 0 0 0 0 0 0 0 0 0 0 0 0 0 0 0 2.0121e-13 1.0928e-13 1.1172e-13 9.1225e-14 16.841 2.3344e-14 2.2291e-14 4.4095e-14 2.9327e-14 2.8037e-14 26.009 9.077e-14 1.0749e-13 7.4722e-14 2.5e-14 5.9885e-14 0 0 0 0 0 0 0 0 0 0 0 0 0 0 0 0 0 0 0 0 0 0 0 0 0 0
0 0 0 0 0 0 0 0 0 0 0 0 0 0 0 0 0 9.2948e-14 9.9895e-14 5.7771e-14 2.8365e-14 2.6697e-14 8.9432e-14 3.5784e-14 3.2836e-14 2.6587e-14 9.641 5.7767e-14 3.0297e-13 5.3393e-13 9.4102e-14 0 0 0 0 0 0 0 0 0 0 0 0 0 0 0 0 0 0 0 0 0 0 0 0 0 0 0
0 0 0 0 0 0 0 0 0 0 0 0 5.9994e-13 2.2704e-12 0 0 0 1.0162e-13 6.8601e-14 1.5806e-14 2.7919e-13 2.6686e-14 3.0373e-13 3.6618e-14 2.9846e-14 2.9517e-14 22.385 5.9859e-14 1.1674e-12 1.3993e-12 0 0 0 0 0 0 0 0 0 0 0 0 0 0 0 0 0 0 0 0 0 0 0 0 0 0 0 0
0 0 0 0 0 0 0 0 0 0 0 0 0 6.406e-13 0 0 0 9.1345e-14 1.5127e-14 4.1171e-13 1.8266e-14 1.5168e-13 1.4036e-13 3.7082e-14 3.4039e-14 2.7274e-14 34.77 5.3878e-14 5.7248e-13 0 0 0 0 0 0 0 0 0 0 0 0 0 0 0 0 0 0 0 0 0 0 0 0 0 0 0 0 0
0 0 0 0 0 0 0 0 0 0 0 0 0 3.7237e-13 2.441e-13 2.2122e-13 1.3385e-13 1.5405e-14 3.5309e-14 2.2332e-14 4.0327e-14 9.0208e-13 7.5692e-14 4.0521e-14 3.8363e-14 2.7722e-14 1.8563 8.4603e-14 3.6429e-13 0 0 0 0 0 0 0 0 0 0 0 0 0 0 0 0 0 0 0 0 0 0 0 0 0 0 0 0 0
0 0 0 0 0 0 0 0 0 0 0 0 0 8.7591e-13 1.4378e-13 1.1399e-13 1.4784e-14 3.3184e-14 1.4461e-14 2.6074e-13 4.4875e-14 15.631 9.5464e-14 5.4007e-14 4.065e-14 3.039e-14 3.7867e-13 1.1704e-13 3.7409e-13 0 0 0 0 0 0 0 0 0 0 0 0 0 0 0 0 0 0 0 0 0 0 0 0 0 0 0 0 0
0 0 0 0 0 0 0 0 0 0 0 0 0 0 1.6274e-13 1.1519e-14 2.8048e-14 3.1783e-14 24.929 3.2653e-14 2.2244e-13 0.20112 0 8.8792e-14 6.5283e-14 4.3546e-14 1.6472e-13 2.2173e-13 6.1964e-13 0 0 0 0 0 0 0 0 0 0 0 0 0 0 0 0 0 0 0 0 0 0 0 0 0 0 0 0 0
0 0 0 0 0 0 0 0 0 0 0 0 0 0 1.8749e-13 1.669e-14 2.969e-14 3.1657e-13 7.9723e-14 3.3631e-14 18.508 1.6668e-13 0 9.4277e-14 8.0675e-14 1.1375e-13 5.2957e-14 4.2931e-13 4.7532e-13 0 0 0 0 0 0 0 0 0 0 0 0 0 0 0 0 0 0 0 0 0 0 0 0 0 0 0 0 0
0 0 0 0 0 0 0 0 0 0 0 0 0 3.1221e-13 9.898e-14 2.3297e-14 2.4972e-14 6.9373e-14 10.98 4.2822e-14 16.021 5.8645e-14 6.9703e-14 5.0696e-14 4.9187e-14 3.7618e-14 3.4197e-14 4.577e-13 2.8858e-13 1.6356e-11 0 0 0 0 0 0 0 0 0 0 0 0 0 0 0 0 0 0 0 0 0 0 0 0 0 0 0 0
0 0 0 0 0 0 0 0 0 0 0 0 2.8617e-13 1.9406e-13 6.9845e-14 2.5537e-14 3.3072e-14 48.325 5.2493e-14 4.9732e-14 9.4215e-13 5.6894e-14 5.1502e-14 5.1714e-14 2.72e-14 6.7163e-14 4.2101e-13 2.6515e-13 2.1477e-13 1.7246e-12 0 0 0 0 0 0 0 0 0 0 0 0 0 0 0 0 0 0 0 0 0 0 0 0 0 0 0 0
0 0 0 0 0 0 0 0 0 0 0 0 3.5917e-13 2.4277e-13 5.7681e-14 4.5031e-14 6.6319e-14 1.2399e-13 4.9692e-14 7.8447 5.5931e-14 4.4577e-14 3.9798e-14 4.1878e-14 8.51e-14 1.3664e-13 8.6686e-13 2.2029e-13 1.8301e-13 4.5585e-13 0 0 0 0 0 0 0 0 0 0 0 0 0 0 0 0 0 0 0 0 0 0 0 0 0 0 0 0
0 0 0 0 0 0 0 0 0 0 0 0 3.0262e-13 6.7917e-12 7.0112e-14 3.3889e-14 6.2117e-14 26.708 3.7984e-14 6.5516e-13 4.6283e-14 3.3752e-14 6.7268e-14 7.2461e-13 6.9476e-14 1.1063e-13 2.712 1.3648e-13 2.0181e-13 0 0 0 0 0 0 0 0 0 0 0 0 0 0 0 0 0 0 0 0 0 0 0 0 0 0 0 0 0
0 0 0 0 0 0 0 0 0 0 0 1.4556e-13 1.5532e-13 1.0275e-13 6.2625e-14 6.4101e-14 55.844 4.0181e-14 4.0745e-14 1.556e-13 2.7567e-14 1.8141e-13 2.3952e-13 1.4908e-13 6.9929e-14 1.8841e-13 2.1233e-13 1.1346e-13 2.7022e-13 0 0 0 0 0 0 0 0 0 0 0 0 0 0 0 0 0 0 0 0 0 0 0 0 0 0 0 0 0
0 0 0 0 0 0 0 0 0 0 0 6.987e-14 9.2886e-14 6.4535e-14 6.835e-14 18.373 1.5815e-13 5.4948e-14 4.304e-14 3.8896e-14 8.3093e-14 1.7124e-13 1.2348e-13 1.4864e-13 7.3572e-14 8.3178e-13 1.3265e-13 9.0055e-14 0 0 0 0 0 0 0 0 0 0 0 0 0 0 0 0 0 0 0 0 0 0 0 0 0 0 0 0 0 0
0 0 0 0 0 0 0 0 0 0 0 5.6491e-14 4.6515e-14 5.039e-14 7.2689e-14 3.0647 2.3558e-13 3.1228e-14 0.89465 5.417e-14 9.1691e-14 8.3e-14 1.0612e-13 1.2688e-13 8.3735e-14 5.1583 9.9629e-14 8.0644e-14 0 0 0 0 0 0 0 0 0 0 0 0 0 0 0 0 0 0 0 0 0 0 0 0 0 0 0 0 0 0
0 0 0 0 0 0 0 0 0 0 0 0 3.6189e-14 2.5051e-14 9.1026e-14 29.732 3.9196e-14 5.9716e-14 39.017 5.3839e-14 8.3581e-14 7.5988e-14 7.8249e-14 9.9882e-14 1.0054e-13 2.0939e-13 1.8573e-13 8.0304e-14 0 0 0 0 0 0 0 0 0 0 0 0 0 0 0 0 0 0 0 0 0 0 0 0 0 0 0 0 0 0
0 0 0 0 0 0 0 0 0 0 0 0 49.712 5.3915e-14 140.86 814.89 2.1881e-13 3.4245e-14 4.3292e-13 7.6018e-14 6.9938e-14 0 6.7179e-14 8.1872e-14 9.6881e-14 1.3954e-13 2.1243e-13 6.9189e-14 0 0 0 0 0 0 0 0 0 0 0 0 0 0 0 0 0 0 0 0 0 0 0 0 0 0 0 0 0 0
0 0 0 0 0 0 0 0 0 0 0 0 1.9164e-12 39.166 3348.3 4975.3 3380.3 1.4215e-13 2.7389e-14 3.0081e-14 5.4887e-14 7.3347e-14 5.0815e-14 5.9499e-14 6.9789e-14 1.232e-13 2.0977e-13 9.5809e-14 0 0 0 0 0 0 0 0 0 0 0 0 0 0 0 0 0 0 0 0 0 0 0 0 0 0 0 0 0 0
0 0 0 0 0 0 0 0 0 0 0 0 1.9122e-13 675.28 4913.3 5035.4 5040.7 659.66 13.048 1.1322 1.404e-13 6.1744e-14 4.0279e-14 2.6808e-14 3.6011e-14 7.7708e-14 1.9464e-13 9.4673e-14 0 0 0 0 0 0 0 0 0 0 0 0 0 0 0 0 0 0 0 0 0 0 0 0 0 0 0 0 0 0
0 0 0 0 0 0 0 0 0 0 0 0 4.6239e-13 15.02 3510.5 4893.1 3503.4 1.9073e-12 5.1121e-13 2.0404e-13 2.2707e-13 3.6587e-13 8.4875e-13 13.662 5.1328e-14 3.9381e-14 0 0 0 0 0 0 0 0 0 0 0 0 0 0 0 0 0 0 0 0 0 0 0 0 0 0 0 0 0 0 0 0
0 0 0 0 0 0 0 0 0 0 0 0 0.87643 2.1893e-13 67.161 644 2.3479e-13 1.8198e-13 4.2019e-13 2.3205e-13 0 0 0 0 0 0 0 0 0 0 0 0 0 0 0 0 0 0 0 0 0 0 0 0 0 0 0 0 0 0 0 0 0 0 0 0 0 0
0 0 0 0 0 0 0 0 0 0 0 0 4.3964 3.7732e-13 2.7587e-11 3.5182e-13 2.3454e-13 1.6872e-13 2.6667e-13 3.8064e-13 1.9067e-13 0 0 0 0 0 0 0 0 0 0 0 0 0 0 0 0 0 0 0 0 0 0 0 0 0 0 0 0 0 0 0 0 0 0 0 0 0
0 0 0 0 0 0 0 0 0 0 0 0 3.7103e-13 11.563 5.3231e-13 2.3561e-13 2.8424e-13 1.582e-13 2.8608e-13 2.6653e-13 2.9496e-13 2.2118e-13 0 0 0 0 0 0 0 0 0 0 0 0 0 0 0 0 0 0 0 0 0 0 0 0 0 0 0 0 0 0 0 0 0 0 0 0
0 0 0 0 0 0 0 0 0 0 0 0 1.1422e-12 1.7482 2.388e-13 3.2224e-13 2.7485e-13 1.5564e-13 2.6744e-13 2.6703e-13 3.3331e-13 1.9227e-13 2.4974e-13 0 0 0 0 0 0 0 0 0 0 0 0 0 0 0 0 0 0 0 0 0 0 0 0 0 0 0 0 0 0 0 0 0 0 0
0 0 0 0 0 0 0 0 0 0 0 0 4.5036e-13 1.0415e-12 2.577e-13 3.998e-13 2.5852e-13 1.5491e-13 2.8853e-13 2.3655e-13 3.967e-13 2.4504e-13 0 0 0 0 0 0 0 0 0 0 0 0 0 0 0 0 0 0 0 0 0 0 0 0 0 0 0 0 0 0 0 0 0 0 0 0
0 0 0 0 0 0 0 0 0 0 0 0 0 0 0 0 0 0 0 0 0 0 0 0 0 0 0 0 0 0 0 0 0 0 0 0 0 0 0 0 0 0 0 0 0 0 0 0 0 0 0 0 0 0 0 0 0 0
0 0 0 0 0 0 0 0 0 0 0 0 0 0 0 0 0 0 0 0 0 0 0 0 0 0 0 0 0 0 0 0 0 0 0 0 0 0 0 0 0 0 0 0 0 0 0 0 0 0 0 0 0 0 0 0 0 0
0 0 0 0 0 0 0 0 0 0 0 0 0 0 0 0 0 0 0 0 0 0 0 0 0 0 0 0 0 0 0 0 0 0 0 0 0 0 0 0 0 0 0 0 0 0 0 0 0 0 0 0 0 0 0 0 0 0
0 0 0 0 0 0 0 0 0 0 0 0 0 0 0 0 0 0 0 0 0 0 0 0 5.3316e-13 4.343e-13 2.4291e-13 0 0 0 0 0 0 0 0 0 0 0 0 0 0 0 0 0 0 0 0 0 0 0 0 0 0 0 0 0 0 0
0 0 0 0 0 0 0 0 0 0 0 0 0 0 0 0 0 0 0 0 0 0 0 0 3.0825e-13 2.9358e-13 2.1357e-13 0 0 0 0 0 0 0 0 0 0 0 0 0 0 0 0 0 0 0 0 0 0 0 0 0 0 0 0 0 0 0
0 0 0 0 0 0 0 0 0 0 0 0 0 0 0 0 0 0 0 0 0 0 0 0 3.0556e-13 3.2235e-13 2.3716e-13 0 0 0 0 0 0 0 0 0 0 0 0 0 0 0 0 0 0 0 0 0 0 0 0 0 0 0 0 0 0 0
0 0 0 0 0 0 0 0 0 0 0 0 0 0 0 0 0 0 0 0 0 0 0 0 3.1577e-13 2.6099e-13 2.6701e-13 0 0 0 0 0 0 0 0 0 0 0 0 0 0 0 0 0 0 0 0 0 0 0 0 0 0 0 0 0 0 0
0 0 0 0 0 0 0 0 0 0 0 0 0 0 0 0 0 0 0 0 0 0 0 0 3.0886e-13 2.6239e-13 2.9244e-13 0 0 0 0 0 0 0 0 0 0 0 0 0 0 0 0 0 0 0 0 0 0 0 0 0 0 0 0 0 0 0
0 0 0 0 0 0 0 0 0 0 0 0 0 0 0 0 0 0 0 0 0 0 0 0 3.1881e-13 2.6104e-13 2.8096e-13 0 0 0 0 0 0 0 0 0 0 0 0 0 0 0 0 0 0 0 0 0 0 0 0 0 0 0 0 0 0 0
0 0 0 0 0 0 0 0 0 0 0 0 0 0 0 0 0 0 0 0 0 0 0 0 2.5874e-13 3.2201e-13 2.6212e-13 0 0 0 0 0 0 0 0 0 0 0 0 0 0 0 0 0 0 0 0 0 0 0 0 0 0 0 0 0 0 0
0 0 0 0 0 0 0 0 0 0 0 0 0 0 0 0 0 0 0 0 0 0 0 0 2.5714e-13 2.6125e-13 2.839e-13 0 0 0 0 0 0 0 0 0 0 0 0 0 0 0 0 0 0 0 0 0 0 0 0 0 0 0 0 0 0 0
0 0 0 0 0 0 0 0 0 0 0 0 0 0 0 0 0 0 0 0 0 0 0 0 2.6054e-13 2.6116e-13 2.6279e-13 0 0 0 0 0 0 0 0 0 0 0 0 0 0 0 0 0 0 0 0 0 0 0 0 0 0 0 0 0 0 0
0 0 0 0 0 0 0 0 0 0 0 0 0 0 0 0 0 0 0 0 0 0 0 0 2.1872e-13 2.5823e-13 2.2339e-13 0 0 0 0 0 0 0 0 0 0 0 0 0 0 0 0 0 0 0 0 0 0 0 0 0 0 0 0 0 0 0
0 0 0 0 0 0 0 0 0 0 0 0 0 0 0 0 0 0 0 0 0 0 0 0 2.2388e-13 2.2324e-13 2.5146e-13 0 0 0 0 0 0 0 0 0 0 0 0 0 0 0 0 0 0 0 0 0 0 0 0 0 0 0 0 0 0 0
0 0 0 0 0 0 0 0 0 0 0 0 0 0 0 0 0 0 0 0 0 0 0 0 2.2396e-13 2.2291e-13 2.2416e-13 0 0 0 0 0 0 0 0 0 0 0 0 0 0 0 0 0 0 0 0 0 0 0 0 0 0 0 0 0 0 0
0 0 0 0 0 0 0 0 0 0 0 0 0 0 0 0 0 0 0 0 0 0 0 0 2.2345e-13 1.9161e-13 2.6822e-13 0 0 0 0 0 0 0 0 0 0 0 0 0 0 0 0 0 0 0 0 0 0 0 0 0 0 0 0 0 0 0
0 0 0 0 0 0 0 0 0 0 0 0 0 0 0 0 0 0 0 0 0 0 0 0 1.917e-13 2.206e-13 2.7133e-13 0 0 0 0 0 0 0 0 0 0 0 0 0 0 0 0 0 0 0 0 0 0 0 0 0 0 0 0 0 0 0
0 0 0 0 0 0 0 0 0 0 0 0 0 0 0 0 0 0 0 0 0 0 0 0 1.8899e-13 1.9074e-13 3.3566e-13 0 0 0 0 0 0 0 0 0 0 0 0 0 0 0 0 0 0 0 0 0 0 0 0 0 0 0 0 0 0 0
0 0 0 0 0 0 0 0 0 0 0 0 0 0 0 0 0 0 0 0 0 0 0 0 1.6792e-13 1.7582e-13 3.927e-13 0 0 0 0 0 0 0 0 0 0 0 0 0 0 0 0 0 0 0 0 0 0 0 0 0 0 0 0 0 0 0
0 0 0 0 0 0 0 0 0 0 0 0 0 0 0 0 0 0 0 0 0 0 0 0 1.6745e-13 1.5993e-13 5.0471e-13 0 0 0 0 0 0 0 0 0 0 0 0 0 0 0 0 0 0 0 0 0 0 0 0 0 0 0 0 0 0 0
0 0 0 0 0 0 0 0 0 0 0 0 0 0 0 0 0 0 0 0 0 0 0 0 1.49e-13 1.6001e-13 7.9099e-13 0 0 0 0 0 0 0 0 0 0 0 0 0 0 0 0 0 0 0 0 0 0 0 0 0 0 0 0 0 0 0
0 0 0 0 0 0 0 0 0 0 0 0 0 0 0 0 0 0 0 0 0 0 0 0 1.3745e-13 1.4142e-13 2.226e-12 0 0 0 0 0 0 0 0 0 0 0 0 0 0 0 0 0 0 0 0 0 0 0 0 0 0 0 0 0 0 0
0 0 0 0 0 0 0 0 0 0 0 0 0 0 0 0 0 0 0 0 0 0 0 0 1.3376e-13 1.2511e-13 0 0 0 0 0 0 0 0 0 0 0 0 0 0 0 0 0 0 0 0 0 0 0 0 0 0 0 0 0 0 0 0
0 0 0 0 0 0 0 0 0 0 0 0 0 0 0 0 0 0 0 0 0 0 0 0 1.1551e-13 1.1764e-13 0 0 0 0 0 0 0 0 0 0 0 0 0 0 0 0 0 0 0 0 0 0 0 0 0 0 0 0 0 0 0 0
0 0 0 0 0 0 0 0 0 0 0 0 0 0 0 0 0 0 0 0 0 0 0 0 1.0612e-13 1.0577e-13 1.3974e-13 0 0 0 0 0 0 0 0 0 0 0 0 0 0 0 0 0 0 0 0 0 0 0 0 0 0 0 0 0 0 0
0 0 0 0 0 0 0 0 0 0 0 0 0 0 0 0 0 0 0 0 0 0 0 0 9.3413e-14 9.5868e-14 1.5681e-13 0 0 0 0 0 0 0 0 0 0 0 0 0 0 0 0 0 0 0 0 0 0 0 0 0 0 0 0 0 0 0
0 0 0 0 0 0 0 0 0 0 0 0 0 0 0 0 0 0 0 0 0 0 0 0 5.9553e-14 1.8851e-14 2.2103e-13 0 0 0 0 0 0 0 0 0 0 0 0 0 0 0 0 0 0 0 0 0 0 0 0 0 0 0 0 0 0 0
0 0 0 0 0 0 0 0 0 0 0 0 0 0 0 0 0 0 0 0 0 0 0 5.6707e-14 1.6253e-14 2.2852e-14 3.6643e-13 0 0 0 0 0 0 0 0 0 0 0 0 0 0 0 0 0 0 0 0 0 0 0 0 0 0 0 0 0 0 0
0 0 0 0 0 0 0 0 0 0 0 0 0 0 0 0 0 0 0 0 0 22.819 9.2861 4.4116e-14 1.9946e-14 3.7207e-14 5.79e-13 0 0 0 0 0 0 0 0 0 0 0 0 0 0 0 0 0 0 0 0 0 0 0 0 0 0 0 0 0 0 0
0 0 0 0 0 0 0 0 0 0 0 0 0 0 0 0 0 0 0 0 0 173.59 625.56 1.2843e-13 2.4491e-14 5.3562e-14 0 0 0 0 0 0 0 0 0 0 0 0 0 0 0 0 0 0 0 0 0 0 0 0 0 0 0 0 0 0 0 0
0 0 0 0 0 0 0 0 0 0 0 0 0 0 0 0 0 0 0 0 0 3463.4 4983.9 3363.2 2.4368e-14 7.585e-14 0 0 0 0 0 0 0 0 0 0 0 0 0 0 0 0 0 0 0 0 0 0 0 0 0 0 0 0 0 0 0 0
0 0 0 0 0 0 0 0 0 0 0 0 0 0 0 0 0 0 0 0 0 4820.5 4979.9 5036.4 763.64 3.6846 0 0 0 0 0 0 0 0 0 0 0 0 0 0 0 0 0 0 0 0 0 0 0 0 0 0 0 0 0 0 0 0
0 0 0 0 0 0 0 0 0 0 0 0 0 0 0 0 0 0 0 0 0 3250.9 5047.5 3479.3 1.4736e-14 0 0 0 0 0 0 0 0 0 0 0 0 0 0 0 0 0 0 0 0 0 0 0 0 0 0 0 0 0 0 0 0 0
0 0 0 0 0 0 0 0 0 0 0 0 0 0 0 0 0 0 0 0 0 139.99 765.72 4.8128e-13 1.8898 0 0 0 0 0 0 0 0 0 0 0 0 0 0 0 0 0 0 0 0 0 0 0 0 0 0 0 0 0 0 0 0 0
0 0 0 0 0 0 0 0 0 0 0 0 0 0 0 0 0 0 0 0 0 0 0 9.554e-14 1.1082e-13 0 0 0 0 0 0 0 0 0 0 0 0 0 0 0 0 0 0 0 0 0 0 0 0 0 0 0 0 0 0 0 0 0
0 0 0 0 0 0 0 0 0 0 0 0 0 0 0 0 0 0 0 0 0 0 0 9.9728e-14 1.5025e-13 0 0 0 0 0 0 0 0 0 0 0 0 0 0 0 0 0 0 0 0 0 0 0 0 0 0 0 0 0 0 0 0 0
0 0 0 0 0 0 0 0 0 0 0 0 0 0 0 0 0 0 0 0 0 0 0 1.1433e-13 2.0024e-13 0 0 0 0 0 0 0 0 0 0 0 0 0 0 0 0 0 0 0 0 0 0 0 0 0 0 0 0 0 0 0 0 0
0 0 0 0 0 0 0 0 0 0 0 0 0 0 0 0 0 0 0 0 0 0 0 1.2312e-13 2.7353e-13 0 0 0 0 0 0 0 0 0 0 0 0 0 0 0 0 0 0 0 0 0 0 0 0 0 0 0 0 0 0 0 0 0
0 0 0 0 0 0 0 0 0 0 0 0 0 0 0 0 0 0 0 0 0 0 0 1.3222e-13 3.761e-13 0 0 0 0 0 0 0 0 0 0 0 0 0 0 0 0 0 0 0 0 0 0 0 0 0 0 0 0 0 0 0 0 0
0 0 0 0 0 0 0 0 0 0 0 0 0 0 0 0 0 0 0 0 0 0 0 1.5603e-13 5.5458e-13 0 0 0 0 0 0 0 0 0 0 0 0 0 0 0 0 0 0 0 0 0 0 0 0 0 0 0 0 0 0 0 0 0
0 0 0 0 0 0 0 0 0 0 0 0 0 0 0 0 0 0 0 0 0 0 0 1.4813e-13 8.955e-13 0 0 0 0 0 0 0 0 0 0 0 0 0 0 0 0 0 0 0 0 0 0 0 0 0 0 0 0 0 0 0 0 0
0 0 0 0 0 0 0 0 0 0 0 0 0 0 0 0 0 0 0 0 0 0 0 1.8483e-13 1.4267e-12 0 0 0 0 0 0 0 0 0 0 0 0 0 0 0 0 0 0 0 0 0 0 0 0 0 0 0 0 0 0 0 0 0
0 0 0 0 0 0 0 0 0 0 0 0 0 0 0 0 0 0 0 0 0 0 0 2.0632e-13 2.1193e-12 0 0 0 0 0 0 0 0 0 0 0 0 0 0 0 0 0 0 0 0 0 0 0 0 0 0 0 0 0 0 0 0 0
0 0 0 0 0 0 0 0 0 0 0 0 0 0 0 0 0 0 0 0 0 0 0 2.3613e-13 0 0 0 0 0 0 0 0 0 0 0 0 0 0 0 0 0 0 0 0 0 0 0 0 0 0 0 0 0 0 0 0 0 0
0 0 0 0 0 0 0 0 0 0 0 0 0 0 0 0 0 0 0 0 0 0 0 3.6399e-13 0 0 0 0 0 0 0 0 0 0 0 0 0 0 0 0 0 0 0 0 0 0 0 0 0 0 0 0 0 0 0 0 0 0
0 0 0 0 0 0 0 0 0 0 0 0 0 0 0 0 0 0 0 0 0 0 0 3.3578e-13 0 0 0 0 0 0 0 0 0 0 0 0 0 0 0 0 0 0 0 0 0 0 0 0 0 0 0 0 0 0 0 0 0 0
0 0 0 0 0 0 0 0 0 0 0 0 0 0 0 0 0 0 0 0 0 0 0 3.8476e-13 0 0 0 0 0 0 0 0 0 0 0 0 0 0 0 0 0 0 0 0 0 0 0 0 0 0 0 0 0 0 0 0 0 0
0 0 0 0 0 0 0 0 0 0 0 0 0 0 0 0 0 0 0 0 0 0 0 7.6152e-13 0 0 0 0 0 0 0 0 0 0 0 0 0 0 0 0 0 0 0 0 0 0 0 0 0 0 0 0 0 0 0 0 0 0
0 0 0 0 0 0 0 0 0 0 0 0 0 0 0 0 0 0 0 0 0 0 0 6.0811e-13 0 0 0 0 0 0 0 0 0 0 0 0 0 0 0 0 0 0 0 0 0 0 0 0 0 0 0 0 0 0 0 0 0 0
0 0 0 0 0 0 0 0 0 0 0 0 0 0 0 0 0 0 0 0 0 0 0 1.5675e-12 0 0 0 0 0 0 0 0 0 0 0 0 0 0 0 0 0 0 0 0 0 0 0 0 0 0 0 0 0 0 0 0 0 0
0 0 0 0 0 0 0 0 0 0 0 0 0 0 0 0 0 0 0 0 0 0 0 1.1488e-12 0 0 0 0 0 0 0 0 0 0 0 0 0 0 0 0 0 0 0 0 0 0 0 0 0 0 0 0 0 0 0 0 0 0
0 0 0 0 0 0 0 0 0 0 0 0 0 0 0 0 0 0 0 0 0 0 0 4.063e-12 0 0 0 0 0 0 0 0 0 0 0 0 0 0 0 0 0 0 0 0 0 0 0 0 0 0 0 0 0 0 0 0 0 0
0 0 0 0 0 0 0 0 0 0 0 0 0 0 0 0 0 0 0 0 0 0 0 3.2838e-12 0 0 0 0 0 0 0 0 0 0 0 0 0 0 0 0 0 0 0 0 0 0 0 0 0 0 0 0 0 0 0 0 0 0
0 0 0 0 0 0 0 0 0 0 0 0 0 0 0 0 0 0 0 0 0 0 0 0 0 0 0 0 0 0 0 0 0 0 0 0 0 0 0 0 0 0 0 0 0 0 0 0 0 0 0 0 0 0 0 0 0 0
0 0 0 0 0 0 0 0 0 0 0 0 0 0 0 0 0 0 0 0 0 0 0 0 0 0 0 0 0 0 0 0 0 0 0 0 0 0 0 0 0 0 0 0 0 0 0 0 0 0 0 0 0 0 0 0 0 0
0 0 0 0 0 0 0 0 0 0 0 0 0 0 0 0 0 0 0 0 0 0 0 0 0 0 0 0 0 0 0 0 0 0 0 0 0 0 0 0 0 0 0 0 0 0 0 0 0 0 0 0 0 0 0 0 0 0
0 0 0 0 0 0 0 0 0 0 0 0 0 0 0 0 0 0 0 0 0 0 0 0 0 0 0 0 0 0 0 0 0 0 0 0 0 0 0 0 0 0 0 0 0 0 0 0 0 0 0 0 0 0 0 0 0 0
0 0 0 0 0 0 0 0 0 0 0 0 0 0 0 0 0 0 0 0 0 0 0 0 0 0 0 0 0 0 0 0 0 0 0 0 0 0 0 0 0 0 0 0 0 0 0 0 0 0 0 0 0 0 0 0 0 0
0 0 0 0 0 0 0 0 3.115e-13 7.7412e-13 9.5043e-13 43.939 0 0 0 0 0 0 0 0 0 0 0 0 0 0 0 0 0 0 0 0 0 0 0 0 0 0 0 0 0 0 0 0 0 0 0 0 0 0 0 0 0 0 0 0 0 0
0 0 0 0 0 0 0 0 0 3.6022e-13 5.2684e-13 2.367e-12 3.7604 8.7073e-14 0 0 0 0 0 0 0 0 0 0 0 0 0 0 0 0 0 0 0 0 0 0 0 0 0 0 0 0 0 0 0 0 0 0 0 0 0 0 0 0 0 0 0 0
0 0 0 0 0 0 0 3.9537e-13 0 0 6.664e-13 9.6727e-13 20.064 1.1278e-13 9.336e-14 0 0 0 0 0 0 0 0 0 0 0 0 0 0 0 0 0 0 0 0 0 0 0 0 0 0 0 0 0 0 0 0 0 0 0 0 0 0 0 0 0 0 0
0 0 0 0 0 0 0 5.6395e-13 3.3431e-13 0 2.9605e-13 6.3176e-13 8.3751 1.7096 5.6446e-14 0 0 0 0 0 0 0 0 0 0 0 0 0 0 0 0 0 0 0 0 0 0 0 0 0 0 0 0 0 0 0 0 0 0 0 0 0 0 0 0 0 0 0
0 0 0 0 0 0 0 1.3309e-12 7.2842e-13 0 0 3.4677e-13 6.4745e-13 13.348 1.0869e-13 7.2733e-14 0 0 0 0 0 0 0 0 0 0 0 0 0 0 0 0 0 0 0 0 0 0 0 0 0 0 0 0 0 0 0 0 0 0 0 0 0 0 0 0 0 0
0 0 0 0 0 0 0 0 24.169 3.7834e-12 0 0 3.2325e-12 0.57262 11.541 5.43e-14 0 0 5.0504e-14 3.0532e-14 0 0 0 0 0 0 0 0 0 0 0 0 0 0 0 0 0 0 0 0 0 0 0 0 0 0 0 0 0 0 0 0 0 0 0 0 0 0
0 0 0 0 0 0 0 0 1.5506e-12 5.409e-13 6.7474e-13 4.5257 8.3221e-13 6.1648e-13 9.6976 9.5348e-14 7.2651e-14 7.4992e-14 4.4211e-14 1.6629e-14 0 0 0 0 0 0 0 0 0 0 0 0 0 0 0 0 0 0 0 0 0 0 0 0 0 0 0 0 0 0 0 0 0 0 0 0 0 0
0 0 0 0 0 0 0 0 6.412e-13 5.8455e-13 6.676e-13 7.7361e-13 8.2169 1.2305e-12 1.8925e-12 6.8408 5.0406e-14 1.3953e-13 2.8961e-14 3.4107e-14 0 0 0 0 1.8415e-12 0 0 0 0 0 0 0 0 0 0 0 0 0 0 0 0 0 0 0 0 0 0 0 0 0 0 0 0 0 0 0 0 0
0 0 0 0 0 0 0 0 2.5442e-13 4.3875e-13 6.5877e-13 2.0626 8.629e-13 5.8234 7.318e-13 8.0585 1.079e-13 6.2273e-14 4.6266e-14 3.6947e-14 0 0 7.1682e-12 1.1023e-12 1.6391e-12 0 0 0 0 0 0 0 0 0 0 0 0 0 0 0 0 0 0 0 0 0 0 0 0 0 0 0 0 0 0 0 0 0
0 0 0 0 0 0 0 0 0 2.7015e-13 2.8683e-13 1.0029e-12 1.8388e-12 8.0434e-13 4.426e-12 637.54 68.54 4.3339e-14 6.4406e-14 0 0 8.5139e-13 1.0633e-12 1.0735e-12 5.0191e-13 0 0 0 0 0 0 0 0 0 0 0 0 0 0 0 0 0 0 0 0 0 0 0 0 0 0 0 0 0 0 0 0 0
0 0 0 0 0 0 0 0 0 0 2.4284e-13 1.8871e-13 13.697 7.1518e-13 3609.6 5143.9 3891.1 310.09 3.1415e-14 4.834e-14 2.2781e-13 5.0125e-13 3.9832e-13 2.4732e-13 1.8856e-13 0 0 0 0 0 0 0 0 0 0 0 0 0 0 0 0 0 0 0 0 0 0 0 0 0 0 0 0 0 0 0 0 0
0 0 0 0 0 0 0 0 0 1.9133e-13 2.0291e-13 1.9246e-13 1.6776e-13 579.33 4801.4 4472.2 4638.9 1.4545e-13 5.3272e-14 5.0667e-14 1.1978e-13 1.4647e-13 1.2682e-13 1.2375e-13 1.4292e-13 0 0 0 0 0 0 0 0 0 0 0 0 0 0 0 0 0 0 0 0 0 0 0 0 0 0 0 0 0 0 0 0 0
0 0 0 0 0 0 0 0 1.2342e-13 1.3852e-13 2.2315e-13 1.6997e-13 1.4773e-13 4.3833e-13 3629.1 5076.4 3715.2 3.673 3.3997e-14 3.8529e-14 5.9631e-14 1.041e-13 0 0 0 0 0 0 0 0 0 0 0 0 0 0 0 0 0 0 0 0 0 0 0 0 0 0 0 0 0 0 0 0 0 0 0 0
0 0 0 0 0 0 0 1.7198e-13 1.5239e-13 1.505e-13 1.4606e-13 2.0383e-13 3.2987e-13 1.3804e-13 1.7155e-13 531.77 91.418 3.2354e-14 5.5336e-14 3.7539e-14 0 0 0 0 0 0 0 0 0 0 0 0 0 0 0 0 0 0 0 0 0 0 0 0 0 0 0 0 0 0 0 0 0 0 0 0 0 0
0 0 0 0 0 0 0 1.497e-13 1.4233e-13 1.5097e-13 2.5523e-13 3.4764e-13 1.7411e-13 1.4494e-13 2.5042e-14 3.3773e-14 4.502 1.02e-13 1.2964e-13 6.9333e-14 0 0 0 0 0 0 0 0 0 0 0 0 0 0 0 0 0 0 0 0 0 0 0 0 0 0 0 0 0 0 0 0 0 0 0 0 0 0
0 0 0 0 0 0 0 1.3229e-13 1.1916e-13 2.5155e-13 1.4348e-12 2.5574e-13 2.3914e-13 1.4518e-13 2.3288e-14 7.2818e-14 4.664e-14 1.1193e-13 1.2998e-13 9.8609 5.4625e-14 0 0 0 0 0 0 0 0 0 0 0 0 0 0 0 0 0 0 0 0 0 0 0 0 0 0 0 0 0 0 0 0 0 0 0 0 0
0 0 0 0 0 0 0 1.1879e-13 1.4346e-13 3.2403e-13 4.0715e-13 4.1708e-13 2.0654e-13 9.0684e-14 3.2899e-14 15.865 3.9837e-14 5.0453e-14 7.6576e-14 5.6066 8.6409e-14 0 0 0 0 0 0 0 0 0 0 0 0 0 0 0 0 0 0 0 0 0 0 0 0 0 0 0 0 0 0 0 0 0 0 0 0 0
0 0 0 0 0 0 4.5671e-13 1.7253e-13 1.4548e-13 1.974e-13 2.6599e-13 3.2294e-13 5.8049e-13 7.1214e-14 5.723e-14 1.1363e-13 5.2644e-14 5.7209e-14 5.31e-14 3.7168e-13 38.245 7.2177e-14 0 0 0 0 0 0 0 0 0 0 0 0 0 0 0 0 0 0 0 0 0 0 0 0 0 0 0 0 0 0 0 0 0 0 0 0
0 0 0 0 0 0 7.4513e-13 3.0192e-13 1.3775e-13 1.4645e-13 1.823e-13 1.919e-13 0.61634 4.8412e-14 2.1151e-13 5.7601e-14 7.1266e-14 8.136e-14 0 7.7274e-14 6.7728e-13 2.0497e-13 0 0 0 0 0 0 0 0 0 0 0 0 0 0 0 0 0 0 0 0 0 0 0 0 0 0 0 0 0 0 0 0 0 0 0 0
0 0 0 0 0 0 2.3437e-12 3.3527e-13 1.4987e-13 1.9822e-13 1.4054e-13 2.4139e-13 1.4019e-13 6.5725e-14 8.572 3.6599e-14 7.2718e-14 1.0172e-13 0 0 7.3583e-14 24.377 2.7184e-13 0 0 0 0 0 0 0 0 0 0 0 0 0 0 0 0 0 0 0 0 0 0 0 0 0 0 0 0 0 0 0 0 0 0 0
0 0 0 0 0 0 1.9323e-12 2.0338e-13 1.4442e-13 3.3609e-13 2.1841e-13 2.8153e-13 4.848e-14 11.841 8.3775e-14 3.7205e-14 8.1153e-14 8.9089e-14 5.2455e-14 0 0 3.9521e-14 8.2435e-14 0 0 0 0 0 0 0 0 0 0 0 0 0 0 0 0 0 0 0 0 0 0 0 0 0 0 0 0 0 0 0 0 0 0 0
0 0 0 0 0 0 2.3218e-13 1.7117e-13 1.1883e-13 1.8219e-13 4.598e-13 1.5592e-13 3.7961e-14 45.3 5.0393e-14 4.0768e-14 4.4893e-14 6.4604e-14 4.7768e-14 0 7.7888e-14 8.8749e-14 0 0 0 0 0 0 0 0 0 0 0 0 0 0 0 0 0 0 0 0 0 0 0 0 0 0 0 0 0 0 0 0 0 0 0 0
0 0 0 0 0 0 4.7147e-13 1.9586e-13 1.6006e-13 0 3.1658e-13 9.1842e-14 6.7901e-14 46.19 3.2789e-14 5.5413e-14 5.6964e-14 0 5.4299e-14 1.0908e-13 1.9637e-13 0 0 0 0 0 0 0 0 0 0 0 0 0 0 0 0 0 0 0 0 0 0 0 0 0 0 0 0 0 0 0 0 0 0 0 0 0
0 0 0 0 0 0 2.6315e-13 1.4878e-13 1.4992e-13 0 0 8.1347e-14 1.5497e-13 8.4708e-12 4.1879e-14 4.9725e-14 0 0 6.3804e-14 2.0249e-13 0 0 0 0 0 0 0 0 0 0 0 0 0 0 0 0 0 0 0 0 0 0 0 0 0 0 0 0 0 0 0 0 0 0 0 0 0 0
0 0 0 0 0 0 2.7703e-13 1.4524e-13 0 0 1.433e-13 5.2857e-14 25.993 6.3689e-13 3.5649e-14 1.1034e-13 0 9.5273e-14 8.3958e-14 2.4347e-13 0 0 0 0 0 0 0 0 0 0 0 0 0 0 0 0 0 0 0 0 0 0 0 0 0 0 0 0 0 0 0 0 0 0 0 0 0 0
0 0 0 0 0 0 2.2552e-13 1.5857e-13 0 0 1.022e-13 6.8621e-14 33.697 1.4121e-13 8.9401e-14 6.2422e-14 5.178e-14 7.1025e-14 0 2.2805e-13 8.925e-13 0 0 0 0 0 0 0 0 0 0 0 0 0 0 0 0 0 0 0 0 0 0 0 0 0 0 0 0 0 0 0 0 0 0 0 0 0
0 0 0 0 0 0 0 0 0 9.9283e-14 1.0038e-13 1.3184e-13 3.7752e-13 2.194e-13 8.162e-14 5.9426e-14 7.9418e-14 0 0 0 3.3801e-13 0 0 0 0 0 0 0 0 0 0 0 0 0 0 0 0 0 0 0 0 0 0 0 0 0 0 0 0 0 0 0 0 0 0 0 0 0
0 0 0 0 0 0 0 0 0 8.1084e-14 1.2706e-13 1.9023e-12 1.8193e-13 1.5896e-13 1.0409e-13 7.8258e-14 0 0 0 0 2.2796e-13 2.6626e-13 0 0 0 0 0 0 0 0 0 0 0 0 0 0 0 0 0 0 0 0 0 0 0 0 0 0 0 0 0 0 0 0 0 0 0 0
0 0 0 0 0 0 0 0 6.8749e-14 7.9327e-14 9.588e-14 30.211 1.164e-13 7.3782e-14 1.1243e-13 0 0 0 0 0 0 2.3684e-13 0 0 0 0 0 0 0 0 0 0 0 0 0 0 0 0 0 0 0 0 0 0 0 0 0 0 0 0 0 0 0 0 0 0 0 0
0 0 0 0 0 0 1.6799e-13 1.1354e-13 5.9851e-14 7.6381e-14 8.5782e-14 1.0189e-12 3.7648e-13 2.7018e-13 5.9344e-14 0 0 0 0 0 0 6.021e-14 1.1947e-13 0 0 0 0 0 0 0 0 0 0 0 0 0 0 0 0 0 0 0 0 0 0 0 0 0 0 0 0 0 0 0 0 0 0 0
0 0 0 0 0 0 1.6252e-13 8.0825e-14 4.7943e-14 1.2439e-13 1.0092e-13 589.52 110 13.192 9.6757e-14 1.8339e-13 1.2313e-12 6.2353e-14 1.0179e-13 1.1379 10.911 4.2108e-14 2.5787e-14 0 0 0 0 0 0 0 0 0 0 0 0 0 0 0 0 0 0 0 0 0 0 0 0 0 0 0 0 0 0 0 0 0 0 0
0 0 0 0 0 0 1.4201e-12 1.3499e-13 6.33e-14 6.7048e-13 3621.1 4944.2 3465.6 1.0469e-13 1.4443e-13 1.3935e-13 1.8387e-12 124.06 47.659 4.2826e-14 2.3377e-14 3.317e-14 0 0 0 0 0 0 0 0 0 0 0 0 0 0 0 0 0 0 0 0 0 0 0 0 0 0 0 0 0 0 0 0 0 0 0 0
0 0 0 0 0 0 3.1086e-13 1.087e-13 7.0582e-14 495.01 4689 5188.5 4937.9 770.1 77.995 56.594 1.1747e-13 2.2393e-14 2.3351e-14 0 0 0 0 0 0 0 0 0 0 0 0 0 0 0 0 0 0 0 0 0 0 0 0 0 0 0 0 0 0 0 0 0 0 0 0 0 0 0
0 0 0 0 0 0 1.0723e-13 4.7021e-14 1.0193e-13 172.61 3166.1 4619.7 2912.6 5.8397e-14 2.7075e-14 3.0042e-14 4.584e-14 0 0 0 0 0 0 0 0 0 0 0 0 0 0 0 0 0 0 0 0 0 0 0 0 0 0 0 0 0 0 0 0 0 0 0 0 0 0 0 0 0
0 0 0 0 0 0 81.269 90.22 104.88 268.22 315.95 666.84 176.72 3.2804e-14 3.8777e-14 0 0 0 0 0 0 0 0 0 0 0 0 0 0 0 0 0 0 0 0 0 0 0 0 0 0 0 0 0 0 0 0 0 0 0 0 0 0 0 0 0 0 0
0 0 0 0 0 0 3.8544e-13 3.6121e-14 3.1144e-14 3.841e-14 7.8791e-14 60.033 1.0795e-13 4.8293e-14 0 0 0 0 0 0 0 0 0 0 0 0 0 0 0 0 0 0 0 0 0 0 0 0 0 0 0 0 0 0 0 0 0 0 0 0 0 0 0 0 0 0 0 0
0 0 0 0 0 0 3.7676e-14 2.7302e-14 3.4764e-14 1.0304e-13 1.475e-13 140.78 9.5894e-14 8.7068e-14 0 0 0 0 0 0 0 0 0 0 0 0 0 0 0 0 0 0 0 0 0 0 0 0 0 0 0 0 0 0 0 0 0 0 0 0 0 0 0 0 0 0 0 0
0 0 0 0 0 0 4.5046e-14 3.4153e-14 4.3363e-14 2.3787e-13 1.2118e-13 72.713 1.0963 9.7489e-14 0 0 0 0 0 0 0 0 0 0 0 0 0 0 0 0 0 0 0 0 0 0 0 0 0 0 0 0 0 0 0 0 0 0 0 0 0 0 0 0 0 0 0 0
0 0 0 0 0 0 5.8661e-14 2.8096e-14 5.243e-14 5.2716e-13 7.9866e-13 6.9996e-13 11.086 8.8147e-14 0 0 0 0 0 0 0 0 0 0 0 0 0 0 0 0 0 0 0 0 0 0 0 0 0 0 0 0 0 0 0 0 0 0 0 0 0 0 0 0 0 0 0 0
0 0 0 0 0 0 5.8255e-14 3.2579e-14 0 0 11.949 9.1016 2.0161e-13 1.1791e-13 0 0 0 0 0 0 0 0 0 0 0 0 0 0 0 0 0 0 0 0 0 0 0 0 0 0 0 0 0 0 0 0 0 0 0 0 0 0 0 0 0 0 0 0
0 0 0 0 0 0 1.0773e-13 3.5532e-14 0 1.5083e-13 7.9376 1.1596e-12 2.4598e-13 1.1664e-13 0 0 0 0 0 0 0 0 0 0 0 0 0 0 0 0 0 0 0 0 0 0 0 0 0 0 0 0 0 0 0 0 0 0 0 0 0 0 0 0 0 0 0 0
0 0 0 0 0 0 1.2542e-13 2.644e-14 0 7.8428 1.9481e-12 1.1102e-12 1.8913e-13 1.1965e-13 0 0 0 0 0 0 0 0 0 0 0 0 0 0 0 0 0 0 0 0 0 0 0 0 0 0 0 0 0 0 0 0 0 0 0 0 0 0 0 0 0 0 0 0
0 0 0 0 0 0.27446 8.1003e-14 0 0 1.4647e-12 2.9282e-13 1.0236e-12 1.1435e-13 1.5801e-13 0 0 0 0 0 0 0 0 0 0 0 0 0 0 0 0 0 0 0 0 0 0 0 0 0 0 0 0 0 0 0 0 0 0 0 0 0 0 0 0 0 0 0 0
0 0 0 0 0 0 0 0 1.3739e-13 17.286 1.0105e-13 33.285 9.3452e-14 1.4057e-13 0 0 0 0 0 0 0 0 0 0 0 0 0 0 0 0 0 0 0 0 0 0 0 0 0 0 0 0 0 0 0 0 0 0 0 0 0 0 0 0 0 0 0 0
0 0 0 0 0 0 0 0 1.7684e-13 2.9214 6.7663e-13 1.2431e-13 0 0 0 0 0 0 0 0 0 0 0 0 0 0 0 0 0 0 0 0 0 0 0 0 0 0 0 0 0 0 0 0 0 0 0 0 0 0 0 0 0 0 0 0 0 0
0 0 0 0 0 0 0 0 3.6452e-12 1.6413e-13 0.68707 1.5693e-13 0 0 0 0 0 0 0 0 0 0 0 0 0 0 0 0 0 0 0 0 0 0 0 0 0 0 0 0 0 0 0 0 0 0 0 0 0 0 0 0 0 0 0 0 0 0
0 0 0 0 0 0 0 0 1.5961e-12 1.7322e-12 3.0423e-13 0 0 0 0 0 0 0 0 0 2.915e-12 2.4996e-12 3.105e-12 0 0 0 0 0 0 0 0 0 0 0 0 0 0 0 0 0 0 0 0 0 0 0 0 0 0 0 0 0 0 0 0 0 0 0
0 0 0 0 0 0 0 1.1602e-13 18.517 28.774 1.8292e-13 0 0 0 0 0 0 0 0 0 2.836e-11 9.4737e-12 3.607e-12 0 0 0 0 0 0 0 0 0 0 0 0 0 0 0 0 0 0 0 0 0 0 0 0 0 0 0 0 0 0 0 0 0 0 0
0 0 0 0 0 0 0 3.6945e-13 2.7022e-13 2.7391e-13 4.226e-13 0 0 0 0 0 0 0 0 0 2.218e-11 8.0056e-12 9.2675e-12 0 0 0 0 0 0 0 0 0 0 0 0 0 0 0 0 0 0 0 0 0 0 0 0 0 0 0 0 0 0 0 0 0 0 0
0 0 0 0 0 0 0 5.7294e-13 0 7.1403 1.5117e-13 0 0 0 0 0 0 0 0 0 7.7956e-12 5.2616e-12 1.2665e-11 0 0 0 0 0 0 0 0 0 0 0 0 0 0 0 0 0 0 0 0 0 0 0 0 0 0 0 0 0 0 0 0 0 0 0
0 0 0 0 0 0 0 1.3797e-12 0 0.64332 1.5098e-13 0 0 0 0 0 0 0 0 0 4.1301e-12 2.7371e-12 5.1886e-12 0 0 0 0 0 0 0 0 0 0 0 0 0 0 0 0 0 0 0 0 0 0 0 0 0 0 0 0 0 0 0 0 0 0 0
0 0 0 0 0 0 9.9242e-14 3.6517e-13 3.5779e-13 1.1207 0 0 0 0 0 0 0 0 2.7974e-12 2.0906e-12 2.1339e-12 1.8172e-12 3.5716e-12 0 0 0 0 0 0 0 0 0 0 0 0 0 0 0 0 0 0 0 0 0 0 0 0 0 0 0 0 0 0 0 0 0 0 0
0 0 0 0 0 0 1.8133e-13 0 3.5998 2.0844e-13 0 0 0 0 0 0 0 0 2.9182e-12 1.9533e-12 2.1352e-12 1.7945e-12 3.7171e-12 0 0 0 0 0 0 0 0 0 0 0 0 0 0 0 0 0 0 0 0 0 0 0 0 0 0 0 0 0 0 0 0 0 0 0
0 0 0 0 9.429e-13 0 1.4717e-13 0 3.6162 2.2079e-13 0 0 0 0 0 0 0 0 2.841e-12 2.0305e-12 2.1382e-12 1.5754e-12 4.4559e-12 0 0 0 0 0 0 0 0 0 0 0 0 0 0 0 0 0 0 0 0 0 0 0 0 0 0 0 0 0 0 0 0 0 0 0
0 0 0 0 0.26638 6.6054e-11 0 0 4.2967 2.2935e-13 0 0 0 0 0 0 0 0 3.2337e-12 1.9517e-12 1.8166e-12 1.8906e-12 4.5331e-12 0 0 0 0 0 0 0 0 0 0 0 0 0 0 0 0 0 0 0 0 0 0 0 0 0 0 0 0 0 0 0 0 0 0 0
0 0 0 0 3.7697e-11 0.096511 1.007e-12 0 1.4949 0 0 0 0 0 0 0 0 0 0 3.1147e-12 2.5782e-12 2.4523e-12 1.1774e-11 0 0 0 0 0 0 0 0 0 0 0 0 0 0 0 0 0 0 0 0 0 0 0 0 0 0 0 0 0 0 0 0 0 0 0
0 0 0 0 9.2471e-12 1.5628e-11 2.3413e-12 0 1.9785e-12 0 0 0 0 0 0 0 0 0 0 3.3231e-12 2.9531e-12 4.0026e-12 0 0 0 0 0 0 0 0 0 0 0 0 0 0 0 0 0 0 0 0 0 0 0 0 0 0 0 0 0 0 0 0 0 0 0 0
0 0 0 0 5.1691e-12 5.5709e-12 4.1091e-12 1.1206e-13 0.85497 0 0 0 0 0 0 0 0 0 0 3.3302e-12 2.4452e-12 7.1201e-12 0 0 0 0 0 0 0 0 0 0 0 0 0 0 0 0 0 0 0 0 0 0 0 0 0 0 0 0 0 0 0 0 0 0 0 0
0 0 0 0 4.5292e-12 3.3468e-12 3.328e-12 1.4431e-13 5.4371e-13 0 0 0 0 0 0 0 0 0 0 2.8684e-12 2.551e-12 2.1283e-11 0 0 0 0 0 0 0 0 0 0 0 0 0 0 0 0 0 0 0 0 0 0 0 0 0 0 0 0 0 0 0 0 0 0 0 0
0 0 0 0.012064 3.6673e-12 2.0242e-12 2.2135e-12 1.5087e-13 4.6361e-13 0 0 0 0 0 0 0 0 0 0 2.8641e-12 2.3099e-12 0.60971 0 0 0 0 0 0 0 0 0 0 0 0 0 0 0 0 0 0 0 0 0 0 0 0 0 0 0 0 0 0 0 0 0 0 0 0
0 0 0 0 4.8572e-12 2.3443e-12 1.6666e-12 1.2331e-13 1.5417e-12 0 0 0 0 0 0 0 0 0 0 2.884e-12 1.842e-12 2.5007e-11 0 0 0 0 0 0 0 0 0 0 0 0 0 0 0 0 0 0 0 0 0 0 0 0 0 0 0 0 0 0 0 0 0 0 0 0
0 0 0 0 3.6469e-12 3.4866e-12 1.3521e-12 1.2885e-13 8.4085e-13 1.7299e-11 0 0 0 0 0 0 0 0 0 2.4982e-12 1.8157e-12 4.0792e-12 0 0 0 0 0 0 0 0 0 0 0 0 0 0 0 0 0 0 0 0 0 0 0 0 0 0 0 0 0 0 0 0 0 0 0 0
0 0 0 0 0 3.1876e-12 1.1186e-12 3.6315e-13 2.0378e-13 9.0324e-13 3.2994e-12 8.8403e-12 0 0 0 0 0 0 1.2145e-11 2.2815e-12 1.9449e-12 1.8923e-12 0 0 0 0 0 0 0 0 0 0 0 0 0 0 0 0 0 0 0 0 0 0 0 0 0 0 0 0 0 0 0 0 0 0 0 0
0 0 0 0 0 0 6.6631e-13 1.2281e-12 3.5621e-13 3.0652e-13 1.0818e-12 2.733e-12 2.2258e-12 2.0436e-12 1.5407e-11 3.8256 1.3784 0 0 2.1785e-12 3.4036e-12 1.0385e-12 0 0 0 0 0 0 0 0 0 0 0 0 0 0 0 0 0 0 0 0 0 0 0 0 0 0 0 0 0 0 0 0 0 0 0 0
0 0 0 0 0.18872 0 0 9.8096e-12 4.2295e-13 5.4324e-13 4.4873e-13 1.3998e-12 2.0268e-12 1.7932e-12 1.3817e-12 1.2384 0.51216 0 0 2.7657e-12 2.0445e-11 6.8825e-13 0 0 0 0 0 0 0 0 0 0 0 0 0 0 0 0 0 0 0 0 0 0 0 0 0 0 0 0 0 0 0 0 0 0 0 0
0 0 0 0 0.42909 9.8878e-12 0 0 6.9727e-13 5.6541e-13 6.5262e-13 6.9842e-13 1.5534e-12 1.1489e-12 1.1046e-12 0.9949 0.14117 0 0 2.4725e-12 1.4378 5.6786e-13 0 0 0 0 0 0 0 0 0 0 0 0 0 0 0 0 0 0 0 0 0 0 0 0 0 0 0 0 0 0 0 0 0 0 0 0
0 0 0 0 3.0746e-12 6.8585e-12 7.0896e-13 0 1.1429e-12 7.5929e-13 1.3974e-12 6.4204e-13 7.4055e-13 1.0527e-12 1.0065e-12 3.0977e-12 1.375 0 0 3.0535e-12 0.27841 4.8116e-13 0 0 0 0 0 0 0 0 0 0 0 0 0 0 0 0 0 0 0 0 0 0 0 0 0 0 0 0 0 0 0 0 0 0 0 0
0 0 0 9.6418e-13 1.1149e-12 1.3217e-12 8.1746e-13 1.2899 4.1798e-12 1.2973e-12 7.051e-13 5.6297e-12 5.6598e-13 9.6755e-13 1.0231e-12 1.1077e-12 2.0853 1.2133e-12 0 3.0207e-12 4.3437e-12 5.0729e-13 0 0 0 0 0 0 0 0 0 0 0 0 0 0 0 0 0 0 0 0 0 0 0 0 0 0 0 0 0 0 0 0 0 0 0 0
0 0 0 6.3632e-13 7.1066e-13 4.848e-13 8.2662e-13 1.9661e-12 5.3001e-12 2.2074e-12 2.3551e-12 1.0522e-12 1.8597e-12 7.3826e-13 7.651e-13 8.1195e-13 2.7321 1.082e-12 1.8787e-12 3.9534e-12 2.7473e-13 1.0817e-12 0 0 0 0 0 0 0 0 0 0 0 0 0 0 0 0 0 0 0 0 0 0 0 0 0 0 0 0 0 0 0 0 0 0 0 0
0 0 0 6.138e-13 5.3818e-13 3.1945e-13 6.2972e-13 8.681e-13 1.3279e-12 2.503e-12 4.231e-12 1.0624e-12 1.2826 9.4975e-13 1.0962e-12 6.0521e-13 2.6514e-12 1.5772e-12 1.1127e-12 7.6814e-13 1.679e-13 0.56435 0 0 0 0 0 0 0 0 0 0 0 0 0 0 0 0 0 0 0 0 0 0 0 0 0 0 0 0 0 0 0 0 0 0 0 0
0 0 0 5.8971e-13 5.4622e-13 2.8942e-13 3.9966e-13 4.9091e-13 6.3204e-13 8.1315e-13 3.1635e-12 0.21424 1.5963e-12 1.4164e-11 7.529e-13 2.4387e-12 5.424e-13 3.1218e-12 5.5473e-13 3.3137e-12 1.6068e-13 0.65086 0 0 0 0 0 0 0 0 0 0 0 0 0 0 0 0 0 0 0 0 0 0 0 0 0 0 0 0 0 0 0 0 0 0 0 0
0 0 0 6.0799e-13 5.7888e-13 2.9215e-13 3.7436e-13 3.4252e-13 3.5127e-13 4.4934e-13 8.0737e-13 0.43854 3.2173e-12 1.2885 4.3365e-12 5.6869e-13 1.6852 6.1174e-13 4.0705e-13 2.6419 1.682e-13 1.775 0 0 0 0 0 0 0 0 0 0 0 0 0 0 0 0 0 0 0 0 0 0 0 0 0 0 0 0 0 0 0 0 0 0 0 0
0 0 0 1.3273e-12 8.8092e-13 3.2309e-13 4.2946e-13 3.2473e-13 2.7624e-13 2.6101e-13 3.4054e-13 1.0308e-12 2.233 3.3432e-12 0.11506 2.115e-12 3.8523e-13 1.274 3.6138e-13 1.0548e-12 1.8999e-13 1.7145e-12 0 0 0 0 0 0 0 0 0 0 0 0 0 0 0 0 0 0 0 0 0 0 0 0 0 0 0 0 0 0 0 0 0 0 0 0
0 0 0 0.69402 4.5996e-12 7.9418e-13 8.9048e-13 4.1428e-13 3.3507e-13 2.6419e-13 2.2194e-13 2.7429e-13 6.0508e-13 3.1794e-12 1.0237 8.8269e-13 3.6906e-13 3.0265e-13 24.595 2.4798e-13 5.3998e-13 0 0 0 0 0 0 0 0 0 0 0 0 0 0 0 0 0 0 0 0 0 0 0 0 0 0 0 0 0 0 0 0 0 0 0 0 0
0 0 0 0.90181 9.8076e-13 0.93816 2.673e-12 1.7426e-12 1.051e-12 5.7535e-13 3.6894e-13 2.1369e-13 1.7929e-13 2.462e-13 4.801e-13 8.2484e-13 4.5363e-13 1.0814e-12 649.65 13.788 17.915 9.3439 0 0 0 0 0 0 0 0 0 0 0 0 0 0 0 0 0 0 0 0 0 0 0 0 0 0 0 0 0 0 0 0 0 0 0 0
0 0 0 3.0659e-12 4.2458e-13 6.2327e-13 6.827e-13 4.5663e-13 4.9177e-13 9.2921e-13 2.3766e-12 3.4069e-12 5.8501e-12 6.1346e-13 6.8794e-13 5.9044 1.1023e-12 3478.8 4996.6 3449 9.9079 4.247e-13 0 0 0 0 0 0 0 0 0 0 0 0 0 0 0 0 0 0 0 0 0 0 0 0 0 0 0 0 0 0 0 0 0 0 0 0
0 0 0 7.4124e-13 2.03e-13 5.6408e-13 1.4533e-12 5.0745 8.6642 4.9133 2.3387 6.5034 3.6471 6.0157e-11 6.1258e-13 5.8586 651.42 5003.2 5008.8 5021.5 609.37 0 0 0 0 0 0 0 0 0 0 0 0 0 0 0 0 0 0 0 0 0 0 0 0 0 0 0 0 0 0 0 0 0 0 0 0 0
0 0 0 2.9538e-12 2.5359e-12 3.384e-13 1.9321e-12 1.7113e-12 1.0075e-12 8.9753e-13 0 0 0 0 0.81346 3.0144e-13 11.664 3480.1 4994.1 3485.2 37.872 0 0 0 0 0 0 0 0 0 0 0 0 0 0 0 0 0 0 0 0 0 0 0 0 0 0 0 0 0 0 0 0 0 0 0 0 0
0 0 0 0 0 2.6827e-12 4.3598e-13 0 0 0 0 0 0 0 2.5279e-13 3.3628e-13 3.0431e-13 2.1924e-13 681.47 4.9216e-13 1.2942e-13 0 0 0 0 0 0 0 0 0 0 0 0 0 0 0 0 0 0 0 0 0 0 0 0 0 0 0 0 0 0 0 0 0 0 0 0 0
0 0 0 0 0 2.5442e-11 1.4227e-12 4.8812e-13 0 0 0 0 0 0 7.904e-13 1.2679e-12 7.1016e-13 1.9497e-12 2.7833e-13 1.6881e-13 1.12e-12 0 0 0 0 0 0 0 0 0 0 0 0 0 0 0 0 0 0 0 0 0 0 0 0 0 0 0 0 0 0 0 0 0 0 0 0 0
0 0 0 0 0 0 0.90031 1.0476e-12 4.1941e-13 0 0 0 5.3579e-12 1.6505e-12 9.3987e-11 4.346e-13 2.4505 2.934e-13 7.8812e-13 5.7481e-13 2.0486e-12 0 0 0 0 0 0 0 0 0 0 0 0 0 0 0 0 0 0 0 0 0 0 0 0 0 0 0 0 0 0 0 0 0 0 0 0 0
0 0 0 0 0 0 1.2876e-11 2.3211e-12 6.8081e-13 5.1076e-13 0 1.8184e-12 9.503e-13 0.62478 8.0406e-13 1.8668e-12 8.3159e-13 5.9404e-13 4.464e-13 2.1533e-12 1.2381e-12 0 0 0 0 0 0 0 0 0 0 0 0 0 0 0 0 0 0 0 0 0 0 0 0 0 0 0 0 0 0 0 0 0 0 0 0 0
0 0 0 0 0 0 0 3.8929e-12 5.9245e-13 7.0006e-13 6.6787e-13 5.1456e-13 1.9937e-12 1.4628e-11 6.9123e-13 0.52926 9.5665e-13 0 4.2733e-13 1.2154e-12 2.2269e-12 0 0 0 0 0 0 0 0 0 0 0 0 0 0 0 0 0 0 0 0 0 0 0 0 0 0 0 0 0 0 0 0 0 0 0 0 0
0 0 0 0 0 0 0 3.2176e-12 1.5021e-12 4.8591e-13 7.3859e-13 8.5365e-13 2.2743e-12 5.7593e-13 1.1237e-12 3.1974 3.1179e-12 0 5.0099e-13 7.7578e-13 1.3575 0 0 0 0 0 0 0 0 0 0 0 0 0 0 0 0 0 0 0 0 0 0 0 0 0 0 0 0 0 0 0 0 0 0 0 0 0
0 0 0 0 0 0 0 3.4233e-12 1.0795e-12 5.0723e-13 4.4244e-12 1.8201e-12 6.1593e-13 4.4195e-13 1.3536e-11 4.7546e-12 2.8267e-12 2.0349e-12 8.1834e-13 1.3314e-12 7.0795e-13 0 0 0 0 0 0 0 0 0 0 0 0 0 0 0 0 0 0 0 0 0 0 0 0 0 0 0 0 0 0 0 0 0 0 0 0 0
0 0 0 0 0 0 3.7289e-12 1.9203e-12 1.3971e-12 8.0612e-13 9.488e-13 1.537 4.2044e-13 1.3686e-12 9.5533 9.5815e-13 5.146 1.0861e-12 1.8194e-12 4.7868e-12 8.0146e-13 0 0 0 0 0 0 0 0 0 0 0 0 0 0 0 0 0 0 0 0 0 0 0 0 0 0 0 0 0 0 0 0 0 0 0 0 0
0 0 0 0 0 3.3096e-12 2.2383e-12 3.5393e-12 3.2392e-12 6.3529e-13 0.35882 3.8243e-13 675.53 1.9621e-12 0.001346 2.5964e-12 2.479e-12 6.2271e-13 1.0576e-12 8.0255e-13 5.208e-13 0 0 0 0 0 0 0 0 0 0 0 0 0 0 0 0 0 0 0 0 0 0 0 0 0 0 0 0 0 0 0 0 0 0 0 0 0
0 0 0 0 2.9313e-12 2.7021e-12 4.1547e-12 5.4252e-12 4.0048e-12 4.9461e-13 6.4922e-13 3475.2 4999 3485 4.9647e-13 1.0168e-12 8.4006e-13 4.925e-13 2.2693e-12 0.52393 4.8608 0 0 0 0 0 0 0 0 0 0 0 0 0 0 0 0 0 0 0 0 0 0 0 0 0 0 0 0 0 0 0 0 0 0 0 0 0
0 0 0 2.6451e-12 3.2156e-12 4.5142e-12 4.8717e-12 4.1687e-12 3.5652e-12 3.5859e-13 678.78 5005.8 5013.8 4953.9 673.03 14.907 1.3348e-11 1.889e-12 4.9158e-12 3.538 0.27035 0 0 0 0 0 0 0 0 0 0 0 0 0 0 0 0 0 0 0 0 0 0 0 0 0 0 0 0 0 0 0 0 0 0 0 0 0
0 0 4.311e-12 3.6569e-12 4.5182e-12 4.5677e-12 4.421e-12 4.1028e-12 1.1776e-11 2.4382e-12 7.0409e-13 3462.6 4980.1 3508.2 1.4024 7.4473e-13 4.0529e-13 7.4958e-13 1.2665e-12 2.3802e-12 13.24 0 0 0 0 0 0 0 0 0 0 0 0 0 0 0 0 0 0 0 0 0 0 0 0 0 0 0 0 0 0 0 0 0 0 0 0 0
0 0 3.9151e-12 4.2799e-12 4.5268e-12 4.8209e-12 4.8257e-12 7.5828e-12 2.9171 9.438e-12 0.23677 8.0626e-13 694.81 4.6178e-12 2.7659 12.846 4.8465e-13 4.4158e-13 4.8988e-13 4.4721e-13 3.0624e-13 0 0 0 0 0 0 0 0 0 0 0 0 0 0 0 0 0 0 0 0 0 0 0 0 0 0 0 0 0 0 0 0 0 0 0 0 0
0 0 4.3676e-12 4.8521e-12 5.2174e-12 5.6407e-12 9.2822e-12 2.4371e-11 6.6991 4.6616 0.61355 1.2824e-11 2.2624 9.6266e-13 6.3927e-13 12.718 8.6055 3.4765e-12 6.5662e-13 1.3344e-12 5.9375e-13 0 0 0 0 0 0 0 0 0 0 0 0 0 0 0 0 0 0 0 0 0 0 0 0 0 0 0 0 0 0 0 0 0 0 0 0 0
0 0 0 0 0 0 0 0 0 0 0 0 2.0227e-12 2.0389e-12 1.3241e-12 3.4882e-13 0.16493 2.8928e-12 2.2482e-12 0.29224 0 0 0 0 0 0 0 0 0 0 0 0 0 0 0 0 0 0 0 0 0 0 0 0 0 0 0 0 0 0 0 0 0 0 0 0 0 0
0 0 0 0 0 0 0 0 0 0 0 0 0 0 0 8.0624e-13 0 1.5747 1.2506e-12 1.8202e-12 0 0 0 0 0 0 0 0 0 0 0 0 0 0 0 0 0 0 0 0 0 0 0 0 0 0 0 0 0 0 0 0 0 0 0 0 0 0
0 0 0 0 0 0 0 0 0 0 0 0 0 0 0 0 0 0 0 0 0 0 0 0 0 0 0 0 0 0 0 0 0 0 0 0 0 0 0 0 0 0 0 0 0 0 0 0 0 0 0 0 0 0 0 0 0 0
0 0 0 0 0 0 0 0 0 0 0 0 0 0 0 0 0 0 0 0 0 0 0 0 0 0 0 0 0 0 0 0 0 0 0 0 0 0 0 0 0 0 0 0 0 0 0 0 0 0 0 0 0 0 0 0 0 0
0 0 0 0 0 0 0 0 0 0 0 0 0 0 0 0 0 0 0 0 0 0 0 0 0 0 0 0 0 0 0 0 0 0 0 0 0 0 0 0 0 0 0 0 0 0 0 0 0 0 0 0 0 0 0 0 0 0
