0 -9.461 -13.3 90 -9.43343 -12.7849 94.9362 3 -0.490493 0.0901455 23
0 -9.461 -13.3 90 -9.43343 -12.7849 94.9362 3 -0.452887 0.0901455 24
0 -9.461 -13.3 90 -9.43343 -12.7849 94.9362 3 -0.452887 0.0901455 47
0 -9.461 -13.3 90 -9.43343 -12.7849 94.9362 3 -0.415032 0.0901455 20
0 -9.461 -13.3 90 -9.43343 -12.7849 94.9362 3 -0.415032 0.0901455 25
0 -9.461 -13.3 90 -9.43343 -12.7849 94.9362 3 -0.377489 0.0901455 27
0 -9.461 -13.3 90 -9.43343 -12.7849 94.9362 3 -0.377489 0.0901455 24
0 -9.461 -13.3 90 -9.43343 -12.7849 94.9362 3 -0.377489 0.0901455 25
0 -9.461 -13.3 90 -9.43343 -12.7849 94.9362 3 -0.302744 0.0901455 27
0 -9.461 -13.3 90 -9.43343 -12.7849 94.9362 3 -0.152321 0.0901455 23
0 -9.461 -13.3 90 -9.43343 -12.7849 94.9362 3 0.301655 0.0901455 20
0 -9.461 -13.3 90 -9.43343 -12.7849 94.9362 3 0.678397 0.0901455 26
0 -9.461 -13.3 90 -9.43343 -12.7849 94.9362 3 0.750001 0.0901455 22
0 -9.461 -13.3 90 -9.43343 -12.7849 94.9362 3 0.750001 0.0901455 20
0 -9.461 -13.3 90 -9.43343 -12.7849 94.9362 3 0.771308 0.0901455 24
0 -9.461 -13.3 90 -9.43343 -12.7849 94.9362 3 -0.342091 0.0901455 22
0 -9.461 -13.3 90 -9.43343 -12.7849 94.9362 3 -0.379293 0.0901455 24
0 -9.461 -13.3 90 -9.43343 -12.7849 94.9362 3 -0.379293 0.0901455 26
0 -9.461 -13.3 90 -9.43343 -12.7849 94.9362 3 -0.379293 0.0901455 20
0 -9.461 -13.3 90 -9.43343 -12.7849 94.9362 3 -0.416401 0.0901455 22
0 -9.461 -13.3 90 -9.43343 -12.7849 94.9362 3 -0.416401 0.0901455 26
0 -9.461 -13.3 90 -9.43343 -12.7849 94.9362 3 -0.416401 0.0901455 30
0 -9.461 -13.3 90 -9.43343 -12.7849 94.9362 3 -0.454069 0.0901455 22
1 -8.461 -9.8 -90 -8.64867 -10.3428 -85.5958 3 -0.491893 0.0901455 20
1 -8.461 -9.8 -90 -8.64867 -10.3428 -85.5958 3 -0.491893 0.0901455 49
1 -8.461 -9.8 -90 -8.64867 -10.3428 -85.5958 3 -0.454473 0.0901455 32
1 -8.461 -9.8 -90 -8.64867 -10.3428 -85.5958 3 -0.454473 0.0901455 77
1 -8.461 -9.8 -90 -8.64867 -10.3428 -85.5958 3 -0.417085 0.0901455 63
1 -8.461 -9.8 -90 -8.64867 -10.3428 -85.5958 3 -0.417085 0.0901455 131
1 -8.461 -9.8 -90 -8.64867 -10.3428 -85.5958 3 -0.417085 0.0901455 140
1 -8.461 -9.8 -90 -8.64867 -10.3428 -85.5958 3 -0.417085 0.0901455 31
1 -8.461 -9.8 -90 -8.64867 -10.3428 -85.5958 3 -0.379853 0.0901455 62
1 -8.461 -9.8 -90 -8.64867 -10.3428 -85.5958 3 -0.379853 0.0901455 58
1 -8.461 -9.8 -90 -8.64867 -10.3428 -85.5958 3 -0.379853 0.0901455 150
1 -8.461 -9.8 -90 -8.64867 -10.3428 -85.5958 3 -0.34234 0.0901455 21
1 -8.461 -9.8 -90 -8.64867 -10.3428 -85.5958 3 -0.34234 0.0901455 45
1 -8.461 -9.8 -90 -8.64867 -10.3428 -85.5958 3 -0.267564 0.0901455 20
1 -8.461 -9.8 -90 -8.64867 -10.3428 -85.5958 3 -0.267564 0.0901455 37
1 -8.461 -9.8 -90 -8.64867 -10.3428 -85.5958 3 -0.267564 0.0901455 40
1 -8.461 -9.8 -90 -8.64867 -10.3428 -85.5958 3 -0.229025 0.0901455 48
1 -8.461 -9.8 -90 -8.64867 -10.3428 -85.5958 3 -0.229025 0.0901455 36
1 -8.461 -9.8 -90 -8.64867 -10.3428 -85.5958 3 -0.229025 0.0901455 21
1 -8.461 -9.8 -90 -8.64867 -10.3428 -85.5958 3 -0.191668 0.0901455 20
1 -8.461 -9.8 -90 -8.64867 -10.3428 -85.5958 3 -0.191668 0.0901455 37
1 -8.461 -9.8 -90 -8.64867 -10.3428 -85.5958 3 -0.191668 0.0901455 90
1 -8.461 -9.8 -90 -8.64867 -10.3428 -85.5958 3 -0.154374 0.0901455 87
1 -8.461 -9.8 -90 -8.64867 -10.3428 -85.5958 3 -0.154374 0.0901455 116
1 -8.461 -9.8 -90 -8.64867 -10.3428 -85.5958 3 -0.154374 0.0901455 396
1 -8.461 -9.8 -90 -8.64867 -10.3428 -85.5958 3 -0.116083 0.0901455 79
1 -8.461 -9.8 -90 -8.64867 -10.3428 -85.5958 3 -0.116083 0.0901455 98
1 -8.461 -9.8 -90 -8.64867 -10.3428 -85.5958 3 -0.116083 0.0901455 38
1 -8.461 -9.8 -90 -8.64867 -10.3428 -85.5958 3 -0.0411518 0.0901455 82
1 -8.461 -9.8 -90 -8.64867 -10.3428 -85.5958 3 -0.0411518 0.0901455 170
1 -8.461 -9.8 -90 -8.64867 -10.3428 -85.5958 3 -0.0411518 0.0901455 61
1 -8.461 -9.8 -90 -8.64867 -10.3428 -85.5958 3 -0.00342154 0.0901455 64
1 -8.461 -9.8 -90 -8.64867 -10.3428 -85.5958 3 -0.00342154 0.0901455 149
1 -8.461 -9.8 -90 -8.64867 -10.3428 -85.5958 3 -0.00342154 0.0901455 144
1 -8.461 -9.8 -90 -8.64867 -10.3428 -85.5958 3 0.0342465 0.0901455 58
1 -8.461 -9.8 -90 -8.64867 -10.3428 -85.5958 3 0.0342465 0.0901455 303
1 -8.461 -9.8 -90 -8.64867 -10.3428 -85.5958 3 0.0717278 0.0901455 29
1 -8.461 -9.8 -90 -8.64867 -10.3428 -85.5958 3 0.0717278 0.0901455 36
1 -8.461 -9.8 -90 -8.64867 -10.3428 -85.5958 3 0.0717278 0.0901455 50
1 -8.461 -9.8 -90 -8.64867 -10.3428 -85.5958 3 0.0717278 0.0901455 94
1 -8.461 -9.8 -90 -8.64867 -10.3428 -85.5958 3 0.109271 0.0901455 221
1 -8.461 -9.8 -90 -8.64867 -10.3428 -85.5958 3 0.109271 0.0901455 78
1 -8.461 -9.8 -90 -8.64867 -10.3428 -85.5958 3 0.109271 0.0901455 210
1 -8.461 -9.8 -90 -8.64867 -10.3428 -85.5958 3 0.146815 0.0901455 196
1 -8.461 -9.8 -90 -8.64867 -10.3428 -85.5958 3 0.146815 0.0901455 56
1 -8.461 -9.8 -90 -8.64867 -10.3428 -85.5958 3 0.18439 0.0901455 150
1 -8.461 -9.8 -90 -8.64867 -10.3428 -85.5958 3 0.18439 0.0901455 52
1 -8.461 -9.8 -90 -8.64867 -10.3428 -85.5958 3 0.18439 0.0901455 21
1 -8.461 -9.8 -90 -8.64867 -10.3428 -85.5958 3 0.2973 0.0901455 27
1 -8.461 -9.8 -90 -8.64867 -10.3428 -85.5958 3 0.334813 0.0901455 37
1 -8.461 -9.8 -90 -8.64867 -10.3428 -85.5958 3 0.334813 0.0901455 48
1 -8.461 -9.8 -90 -8.64867 -10.3428 -85.5958 3 0.372419 0.0901455 20
1 -8.461 -9.8 -90 -8.64867 -10.3428 -85.5958 3 0.372419 0.0901455 39
1 -8.461 -9.8 -90 -8.64867 -10.3428 -85.5958 3 0.448097 0.0901455 36
1 -8.461 -9.8 -90 -8.64867 -10.3428 -85.5958 3 0.448097 0.0901455 29
2 -8.461 -7.8 -90 -8.58759 -8.36181 -84.3979 3 -0.266569 0.0901455 23
2 -8.461 -7.8 -90 -8.58759 -8.36181 -84.3979 3 -0.154094 0.0901455 78
2 -8.461 -7.8 -90 -8.58759 -8.36181 -84.3979 3 -0.154094 0.0901455 73
2 -8.461 -7.8 -90 -8.58759 -8.36181 -84.3979 3 -0.0412451 0.0901455 20
2 -8.461 -7.8 -90 -8.58759 -8.36181 -84.3979 3 0.148308 0.0901455 48
2 -8.461 -7.8 -90 -8.58759 -8.36181 -84.3979 3 0.148308 0.0901455 49
2 -8.461 -7.8 -90 -8.58759 -8.36181 -84.3979 3 0.148308 0.0901455 26
2 -8.461 -7.8 -90 -8.58759 -8.36181 -84.3979 3 0.148308 0.0901455 149
2 -8.461 -7.8 -90 -8.58759 -8.36181 -84.3979 3 0.261312 0.0901455 42
2 -8.461 -7.8 -90 -8.58759 -8.36181 -84.3979 3 0.299416 0.0901455 22
2 -8.461 -7.8 -90 -8.58759 -8.36181 -84.3979 3 0.336928 0.0901455 37
3 -8.461 -3.3 -90 -8.41742 -3.86403 -87.0401 3 -0.375187 0.0901455 22
3 -8.461 -3.3 -90 -8.41742 -3.86403 -87.0401 3 -0.375187 0.0901455 26
3 -8.461 -3.3 -90 -8.41742 -3.86403 -87.0401 3 -0.337612 0.0901455 20
3 -8.461 -3.3 -90 -8.41742 -3.86403 -87.0401 3 -0.337612 0.0901455 23
3 -8.461 -3.3 -90 -8.41742 -3.86403 -87.0401 3 -0.262774 0.0901455 23
3 -8.461 -3.3 -90 -8.41742 -3.86403 -87.0401 3 -0.262774 0.0901455 28
3 -8.461 -3.3 -90 -8.41742 -3.86403 -87.0401 3 -0.225168 0.0901455 76
3 -8.461 -3.3 -90 -8.41742 -3.86403 -87.0401 3 -0.225168 0.0901455 46
3 -8.461 -3.3 -90 -8.41742 -3.86403 -87.0401 3 -0.225168 0.0901455 26
3 -8.461 -3.3 -90 -8.41742 -3.86403 -87.0401 3 -0.187873 0.0901455 24
3 -8.461 -3.3 -90 -8.41742 -3.86403 -87.0401 3 -0.187873 0.0901455 35
3 -8.461 -3.3 -90 -8.41742 -3.86403 -87.0401 3 -0.187873 0.0901455 22
3 -8.461 -3.3 -90 -8.41742 -3.86403 -87.0401 3 -0.187873 0.0901455 27
3 -8.461 -3.3 -90 -8.41742 -3.86403 -87.0401 3 -0.150579 0.0901455 95
3 -8.461 -3.3 -90 -8.41742 -3.86403 -87.0401 3 -0.150579 0.0901455 169
3 -8.461 -3.3 -90 -8.41742 -3.86403 -87.0401 3 -0.150579 0.0901455 50
3 -8.461 -3.3 -90 -8.41742 -3.86403 -87.0401 3 -0.113128 0.0901455 51
3 -8.461 -3.3 -90 -8.41742 -3.86403 -87.0401 3 -0.0383834 0.0901455 22
3 -8.461 -3.3 -90 -8.41742 -3.86403 -87.0401 3 -0.0383834 0.0901455 39
3 -8.461 -3.3 -90 -8.41742 -3.86403 -87.0401 3 -0.0383834 0.0901455 25
3 -8.461 -3.3 -90 -8.41742 -3.86403 -87.0401 3 -0.0383834 0.0901455 23
3 -8.461 -3.3 -90 -8.41742 -3.86403 -87.0401 3 -0.000497678 0.0901455 28
3 -8.461 -3.3 -90 -8.41742 -3.86403 -87.0401 3 -0.000497678 0.0901455 40
3 -8.461 -3.3 -90 -8.41742 -3.86403 -87.0401 3 0.0373259 0.0901455 21
3 -8.461 -3.3 -90 -8.41742 -3.86403 -87.0401 3 0.0373259 0.0901455 29
3 -8.461 -3.3 -90 -8.41742 -3.86403 -87.0401 3 0.0797218 0.0901455 21
3 -8.461 -3.3 -90 -8.41742 -3.86403 -87.0401 3 0.0797218 0.0901455 24
3 -8.461 -3.3 -90 -8.41742 -3.86403 -87.0401 3 0.042116 0.0901455 32
3 -8.461 -3.3 -90 -8.41742 -3.86403 -87.0401 3 0.00463463 0.0901455 27
3 -8.461 -3.3 -90 -8.41742 -3.86403 -87.0401 3 0.00463463 0.0901455 24
3 -8.461 -3.3 -90 -8.41742 -3.86403 -87.0401 3 0.00463463 0.0901455 24
3 -8.461 -3.3 -90 -8.41742 -3.86403 -87.0401 3 0.00463463 0.0901455 29
3 -8.461 -3.3 -90 -8.41742 -3.86403 -87.0401 3 -0.108121 0.0901455 42
3 -8.461 -3.3 -90 -8.41742 -3.86403 -87.0401 3 -0.108121 0.0901455 22
3 -8.461 -3.3 -90 -8.41742 -3.86403 -87.0401 3 -0.108121 0.0901455 54
3 -8.461 -3.3 -90 -8.41742 -3.86403 -87.0401 3 -0.108121 0.0901455 155
3 -8.461 -3.3 -90 -8.41742 -3.86403 -87.0401 3 -0.146224 0.0901455 102
3 -8.461 -3.3 -90 -8.41742 -3.86403 -87.0401 3 -0.146224 0.0901455 30
3 -8.461 -3.3 -90 -8.41742 -3.86403 -87.0401 3 -0.146224 0.0901455 27
3 -8.461 -3.3 -90 -8.41742 -3.86403 -87.0401 3 -0.146224 0.0901455 36
3 -8.461 -3.3 -90 -8.41742 -3.86403 -87.0401 3 -0.183643 0.0901455 28
3 -8.461 -3.3 -90 -8.41742 -3.86403 -87.0401 3 -0.183643 0.0901455 32
3 -8.461 -3.3 -90 -8.41742 -3.86403 -87.0401 3 -0.183643 0.0901455 32
3 -8.461 -3.3 -90 -8.41742 -3.86403 -87.0401 3 -0.183643 0.0901455 63
3 -8.461 -3.3 -90 -8.41742 -3.86403 -87.0401 3 -0.220969 0.0901455 29
3 -8.461 -3.3 -90 -8.41742 -3.86403 -87.0401 3 -0.220969 0.0901455 30
3 -8.461 -3.3 -90 -8.41742 -3.86403 -87.0401 3 -0.258357 0.0901455 22
3 -8.461 -3.3 -90 -8.41742 -3.86403 -87.0401 3 -0.258357 0.0901455 20
3 -8.461 -3.3 -90 -8.41742 -3.86403 -87.0401 3 -0.258357 0.0901455 22
3 -8.461 -3.3 -90 -8.41742 -3.86403 -87.0401 3 -0.258357 0.0901455 20
3 -8.461 -3.3 -90 -8.41742 -3.86403 -87.0401 3 -0.296181 0.0901455 22
3 -8.461 -3.3 -90 -8.41742 -3.86403 -87.0401 3 -0.296181 0.0901455 22
3 -8.461 -3.3 -90 -8.41742 -3.86403 -87.0401 3 -0.333818 0.0901455 26
3 -8.461 -3.3 -90 -8.41742 -3.86403 -87.0401 3 -0.333818 0.0901455 25
3 -8.461 -3.3 -90 -8.41742 -3.86403 -87.0401 3 -0.371143 0.0901455 20
4 -7.461 -1.8 0 -7.60356 -1.6681 4.71224 3 -0.341345 0.0901455 138
4 -7.461 -1.8 0 -7.60356 -1.6681 4.71224 3 -0.341345 0.0901455 816
4 -7.461 -1.8 0 -7.60356 -1.6681 4.71224 3 -0.341345 0.0901455 4226
4 -7.461 -1.8 0 -7.60356 -1.6681 4.71224 3 -0.304175 0.0901455 4488
4 -7.461 -1.8 0 -7.60356 -1.6681 4.71224 3 -0.304175 0.0901455 419
4 -7.461 -1.8 0 -7.60356 -1.6681 4.71224 3 -0.266787 0.0901455 27
4 -7.461 -1.8 0 -7.60356 -1.6681 4.71224 3 -0.266787 0.0901455 27
4 -7.461 -1.8 0 -7.60356 -1.6681 4.71224 3 -0.228776 0.0901455 37
4 -7.461 -1.8 0 -7.60356 -1.6681 4.71224 3 -0.228776 0.0901455 36
4 -7.461 -1.8 0 -7.60356 -1.6681 4.71224 3 -0.228776 0.0901455 28
4 -7.461 -1.8 0 -7.60356 -1.6681 4.71224 3 -0.228776 0.0901455 20
4 -7.461 -1.8 0 -7.60356 -1.6681 4.71224 3 -0.190922 0.0901455 25
4 -7.461 -1.8 0 -7.60356 -1.6681 4.71224 3 -0.190922 0.0901455 35
4 -7.461 -1.8 0 -7.60356 -1.6681 4.71224 3 -0.190922 0.0901455 28
4 -7.461 -1.8 0 -7.60356 -1.6681 4.71224 3 -0.153316 0.0901455 28
4 -7.461 -1.8 0 -7.60356 -1.6681 4.71224 3 -0.153316 0.0901455 23
4 -7.461 -1.8 0 -7.60356 -1.6681 4.71224 3 -0.153316 0.0901455 23
4 -7.461 -1.8 0 -7.60356 -1.6681 4.71224 3 -0.115897 0.0901455 23
4 -7.461 -1.8 0 -7.60356 -1.6681 4.71224 3 -0.115897 0.0901455 31
4 -7.461 -1.8 0 -7.60356 -1.6681 4.71224 3 -0.115897 0.0901455 22
4 -7.461 -1.8 0 -7.60356 -1.6681 4.71224 3 -0.078602 0.0901455 27
4 -7.461 -1.8 0 -7.60356 -1.6681 4.71224 3 -0.078602 0.0901455 27
4 -7.461 -1.8 0 -7.60356 -1.6681 4.71224 3 -0.078602 0.0901455 29
4 -7.461 -1.8 0 -7.60356 -1.6681 4.71224 3 -0.078602 0.0901455 35
4 -7.461 -1.8 0 -7.60356 -1.6681 4.71224 3 -0.0412451 0.0901455 33
4 -7.461 -1.8 0 -7.60356 -1.6681 4.71224 3 -0.0412451 0.0901455 40
4 -7.461 -1.8 0 -7.60356 -1.6681 4.71224 3 -0.0412451 0.0901455 24
4 -7.461 -1.8 0 -7.60356 -1.6681 4.71224 3 0.0353662 0.0901455 30
4 -7.461 -1.8 0 -7.60356 -1.6681 4.71224 3 0.0353662 0.0901455 29
4 -7.461 -1.8 0 -7.60356 -1.6681 4.71224 3 0.0353662 0.0901455 20
4 -7.461 -1.8 0 -7.60356 -1.6681 4.71224 3 0.0353662 0.0901455 22
4 -7.461 -1.8 0 -7.60356 -1.6681 4.71224 3 0.0731276 0.0901455 25
4 -7.461 -1.8 0 -7.60356 -1.6681 4.71224 3 0.148184 0.0901455 22
4 -7.461 -1.8 0 -7.60356 -1.6681 4.71224 3 0.148184 0.0901455 22
4 -7.461 -1.8 0 -7.60356 -1.6681 4.71224 3 0.185789 0.0901455 27
4 -7.461 -1.8 0 -7.60356 -1.6681 4.71224 3 0.298856 0.0901455 28
4 -7.461 -1.8 0 -7.60356 -1.6681 4.71224 3 0.298856 0.0901455 20
4 -7.461 -1.8 0 -7.60356 -1.6681 4.71224 3 0.41357 0.0901455 28
4 -7.461 -1.8 0 -7.60356 -1.6681 4.71224 3 0.771681 0.0901455 21
4 -7.461 -1.8 0 -7.60356 -1.6681 4.71224 3 0.774823 0.0901455 20
5 -3.461 -0.8 180 -4.08957 -0.80191 -179.804 3 -0.639361 0.0901455 21
5 -3.461 -0.8 180 -4.08957 -0.80191 -179.804 3 -0.451643 0.0901455 30
5 -3.461 -0.8 180 -4.08957 -0.80191 -179.804 3 -0.414473 0.0901455 40
5 -3.461 -0.8 180 -4.08957 -0.80191 -179.804 3 -0.414473 0.0901455 36
5 -3.461 -0.8 180 -4.08957 -0.80191 -179.804 3 -0.376556 0.0901455 22
5 -3.461 -0.8 180 -4.08957 -0.80191 -179.804 3 -0.376556 0.0901455 39
5 -3.461 -0.8 180 -4.08957 -0.80191 -179.804 3 -0.339354 0.0901455 25
5 -3.461 -0.8 180 -4.08957 -0.80191 -179.804 3 -0.339354 0.0901455 29
5 -3.461 -0.8 180 -4.08957 -0.80191 -179.804 3 -0.302091 0.0901455 27
5 -3.461 -0.8 180 -4.08957 -0.80191 -179.804 3 -0.302091 0.0901455 29
5 -3.461 -0.8 180 -4.08957 -0.80191 -179.804 3 -0.264236 0.0901455 29
5 -3.461 -0.8 180 -4.08957 -0.80191 -179.804 3 -0.264236 0.0901455 20
5 -3.461 -0.8 180 -4.08957 -0.80191 -179.804 3 -0.264236 0.0901455 32
5 -3.461 -0.8 180 -4.08957 -0.80191 -179.804 3 -0.264236 0.0901455 38
5 -3.461 -0.8 180 -4.08957 -0.80191 -179.804 3 -0.226723 0.0901455 27
5 -3.461 -0.8 180 -4.08957 -0.80191 -179.804 3 -0.226723 0.0901455 35
5 -3.461 -0.8 180 -4.08957 -0.80191 -179.804 3 -0.189242 0.0901455 30
5 -3.461 -0.8 180 -4.08957 -0.80191 -179.804 3 -0.189242 0.0901455 21
5 -3.461 -0.8 180 -4.08957 -0.80191 -179.804 3 -0.151978 0.0901455 23
5 -3.461 -0.8 180 -4.08957 -0.80191 -179.804 3 -0.114715 0.0901455 23
5 -3.461 -0.8 180 -4.08957 -0.80191 -179.804 3 -0.114715 0.0901455 21
5 -3.461 -0.8 180 -4.08957 -0.80191 -179.804 3 -0.0770779 0.0901455 23
5 -3.461 -0.8 180 -4.08957 -0.80191 -179.804 3 -0.0770779 0.0901455 20
5 -3.461 -0.8 180 -4.08957 -0.80191 -179.804 3 -0.0395965 0.0901455 21
5 -3.461 -0.8 180 -4.08957 -0.80191 -179.804 3 -0.0395965 0.0901455 24
5 -3.461 -0.8 180 -4.08957 -0.80191 -179.804 3 -0.00211513 0.0901455 20
5 -3.461 -0.8 180 -4.08957 -0.80191 -179.804 3 0.0357706 0.0901455 21
5 -3.461 -0.8 180 -4.08957 -0.80191 -179.804 3 0.0357706 0.0901455 20
5 -3.461 -0.8 180 -4.08957 -0.80191 -179.804 3 0.0357706 0.0901455 61
5 -3.461 -0.8 180 -4.08957 -0.80191 -179.804 3 0.0733453 0.0901455 512
5 -3.461 -0.8 180 -4.08957 -0.80191 -179.804 3 0.0733453 0.0901455 93
5 -3.461 -0.8 180 -4.08957 -0.80191 -179.804 3 0.0733453 0.0901455 27
5 -3.461 -0.8 180 -4.08957 -0.80191 -179.804 3 0.0733453 0.0901455 27
5 -3.461 -0.8 180 -4.08957 -0.80191 -179.804 3 0.111044 0.0901455 23
5 -3.461 -0.8 180 -4.08957 -0.80191 -179.804 3 0.111044 0.0901455 31
5 -3.461 -0.8 180 -4.08957 -0.80191 -179.804 3 0.148712 0.0901455 20
5 -3.461 -0.8 180 -4.08957 -0.80191 -179.804 3 0.148712 0.0901455 25
5 -3.461 -0.8 180 -4.08957 -0.80191 -179.804 3 0.186412 0.0901455 29
5 -3.461 -0.8 180 -4.08957 -0.80191 -179.804 3 0.186412 0.0901455 26
5 -3.461 -0.8 180 -4.08957 -0.80191 -179.804 3 0.338172 0.0901455 21
5 -3.461 -0.8 180 -4.08957 -0.80191 -179.804 3 0.413695 0.0901455 24
5 -3.461 -0.8 180 -4.08957 -0.80191 -179.804 3 0.413695 0.0901455 21
5 -3.461 -0.8 180 -4.08957 -0.80191 -179.804 3 0.413695 0.0901455 22
5 -3.461 -0.8 180 -4.08957 -0.80191 -179.804 3 0.451581 0.0901455 26
5 -3.461 -0.8 180 -4.08957 -0.80191 -179.804 3 0.451581 0.0901455 21
5 -3.461 -0.8 180 -4.08957 -0.80191 -179.804 3 0.489155 0.0901455 23
5 -3.461 -0.8 180 -4.08957 -0.80191 -179.804 3 0.489155 0.0901455 25
5 -3.461 -0.8 180 -4.08957 -0.80191 -179.804 3 0.489155 0.0901455 22
5 -3.461 -0.8 180 -4.08957 -0.80191 -179.804 3 0.564709 0.0901455 21
5 -3.461 -0.8 180 -4.08957 -0.80191 -179.804 3 0.639765 0.0901455 23
5 -3.461 -0.8 180 -4.08957 -0.80191 -179.804 3 0.639765 0.0901455 21
5 -3.461 -0.8 180 -4.08957 -0.80191 -179.804 3 0.639765 0.0901455 22
5 -3.461 -0.8 180 -4.08957 -0.80191 -179.804 3 0.639765 0.0901455 25
5 -3.461 -0.8 180 -4.08957 -0.80191 -179.804 3 0.677278 0.0901455 30
6 0.539 -0.8 0 -0.145557 -0.806166 -4.04051 3 -0.227657 0.0901455 20
6 0.539 -0.8 0 -0.145557 -0.806166 -4.04051 3 -0.189895 0.0901455 20
6 0.539 -0.8 0 -0.145557 -0.806166 -4.04051 3 -0.189895 0.0901455 27
6 0.539 -0.8 0 -0.145557 -0.806166 -4.04051 3 -0.189895 0.0901455 24
6 0.539 -0.8 0 -0.145557 -0.806166 -4.04051 3 -0.152414 0.0901455 27
6 0.539 -0.8 0 -0.145557 -0.806166 -4.04051 3 -0.152414 0.0901455 23
6 0.539 -0.8 0 -0.145557 -0.806166 -4.04051 3 -0.0777933 0.0901455 22
6 0.539 -0.8 0 -0.145557 -0.806166 -4.04051 3 -0.0777933 0.0901455 22
6 0.539 -0.8 0 -0.145557 -0.806166 -4.04051 3 -0.00292386 0.0901455 21
6 0.539 -0.8 0 -0.145557 -0.806166 -4.04051 3 -0.00292386 0.0901455 23
6 0.539 -0.8 0 -0.145557 -0.806166 -4.04051 3 0.0345886 0.0901455 22
6 0.539 -0.8 0 -0.145557 -0.806166 -4.04051 3 0.0345886 0.0901455 22
6 0.539 -0.8 0 -0.145557 -0.806166 -4.04051 3 0.07235 0.0901455 32
6 0.539 -0.8 0 -0.145557 -0.806166 -4.04051 3 0.07235 0.0901455 20
6 0.539 -0.8 0 -0.145557 -0.806166 -4.04051 3 0.07235 0.0901455 25
6 0.539 -0.8 0 -0.145557 -0.806166 -4.04051 3 0.07235 0.0901455 24
6 0.539 -0.8 0 -0.145557 -0.806166 -4.04051 3 0.109862 0.0901455 29
6 0.539 -0.8 0 -0.145557 -0.806166 -4.04051 3 0.109862 0.0901455 25
6 0.539 -0.8 0 -0.145557 -0.806166 -4.04051 3 0.109862 0.0901455 21
6 0.539 -0.8 0 -0.145557 -0.806166 -4.04051 3 0.147841 0.0901455 40
6 0.539 -0.8 0 -0.145557 -0.806166 -4.04051 3 0.147841 0.0901455 896
6 0.539 -0.8 0 -0.145557 -0.806166 -4.04051 3 0.147841 0.0901455 371
6 0.539 -0.8 0 -0.145557 -0.806166 -4.04051 3 0.147841 0.0901455 23
6 0.539 -0.8 0 -0.145557 -0.806166 -4.04051 3 0.185354 0.0901455 24
6 0.539 -0.8 0 -0.145557 -0.806166 -4.04051 3 0.185354 0.0901455 29
6 0.539 -0.8 0 -0.145557 -0.806166 -4.04051 3 0.185354 0.0901455 31
6 0.539 -0.8 0 -0.145557 -0.806166 -4.04051 3 0.223084 0.0901455 25
6 0.539 -0.8 0 -0.145557 -0.806166 -4.04051 3 0.223084 0.0901455 31
6 0.539 -0.8 0 -0.145557 -0.806166 -4.04051 3 0.223084 0.0901455 24
6 0.539 -0.8 0 -0.145557 -0.806166 -4.04051 3 0.260659 0.0901455 34
6 0.539 -0.8 0 -0.145557 -0.806166 -4.04051 3 0.260659 0.0901455 28
6 0.539 -0.8 0 -0.145557 -0.806166 -4.04051 3 0.260659 0.0901455 27
6 0.539 -0.8 0 -0.145557 -0.806166 -4.04051 3 0.29926 0.0901455 27
6 0.539 -0.8 0 -0.145557 -0.806166 -4.04051 3 0.29926 0.0901455 24
6 0.539 -0.8 0 -0.145557 -0.806166 -4.04051 3 0.29926 0.0901455 33
6 0.539 -0.8 0 -0.145557 -0.806166 -4.04051 3 0.29926 0.0901455 39
6 0.539 -0.8 0 -0.145557 -0.806166 -4.04051 3 0.336773 0.0901455 20
6 0.539 -0.8 0 -0.145557 -0.806166 -4.04051 3 0.374565 0.0901455 21
6 0.539 -0.8 0 -0.145557 -0.806166 -4.04051 3 0.374565 0.0901455 23
6 0.539 -0.8 0 -0.145557 -0.806166 -4.04051 3 0.412015 0.0901455 49
6 0.539 -0.8 0 -0.145557 -0.806166 -4.04051 3 0.412015 0.0901455 29
6 0.539 -0.8 0 -0.145557 -0.806166 -4.04051 3 0.449621 0.0901455 48
6 0.539 -0.8 0 -0.145557 -0.806166 -4.04051 3 0.449621 0.0901455 21
6 0.539 -0.8 0 -0.145557 -0.806166 -4.04051 3 0.449621 0.0901455 35
6 0.539 -0.8 0 -0.145557 -0.806166 -4.04051 3 0.487196 0.0901455 21
6 0.539 -0.8 0 -0.145557 -0.806166 -4.04051 3 0.525393 0.0901455 21
6 0.539 -0.8 0 -0.145557 -0.806166 -4.04051 3 0.601195 0.0901455 23
6 0.539 -0.8 0 -0.145557 -0.806166 -4.04051 3 0.676687 0.0901455 22
6 0.539 -0.8 0 -0.145557 -0.806166 -4.04051 3 0.712364 0.0901455 22
6 0.539 -0.8 0 -0.145557 -0.806166 -4.04051 3 0.637028 0.0901455 21
6 0.539 -0.8 0 -0.145557 -0.806166 -4.04051 3 0.524522 0.0901455 24
6 0.539 -0.8 0 -0.145557 -0.806166 -4.04051 3 0.486729 0.0901455 35
6 0.539 -0.8 0 -0.145557 -0.806166 -4.04051 3 0.486729 0.0901455 46
6 0.539 -0.8 0 -0.145557 -0.806166 -4.04051 3 0.449217 0.0901455 35
6 0.539 -0.8 0 -0.145557 -0.806166 -4.04051 3 0.411424 0.0901455 41
6 0.539 -0.8 0 -0.145557 -0.806166 -4.04051 3 0.411424 0.0901455 29
6 0.539 -0.8 0 -0.145557 -0.806166 -4.04051 3 0.411424 0.0901455 23
6 0.539 -0.8 0 -0.145557 -0.806166 -4.04051 3 0.37385 0.0901455 20
6 0.539 -0.8 0 -0.145557 -0.806166 -4.04051 3 0.336026 0.0901455 33
6 0.539 -0.8 0 -0.145557 -0.806166 -4.04051 3 0.336026 0.0901455 39
6 0.539 -0.8 0 -0.145557 -0.806166 -4.04051 3 0.336026 0.0901455 25
6 0.539 -0.8 0 -0.145557 -0.806166 -4.04051 3 0.336026 0.0901455 20
6 0.539 -0.8 0 -0.145557 -0.806166 -4.04051 3 0.298607 0.0901455 29
6 0.539 -0.8 0 -0.145557 -0.806166 -4.04051 3 0.298607 0.0901455 25
6 0.539 -0.8 0 -0.145557 -0.806166 -4.04051 3 0.298607 0.0901455 30
6 0.539 -0.8 0 -0.145557 -0.806166 -4.04051 3 0.261001 0.0901455 31
6 0.539 -0.8 0 -0.145557 -0.806166 -4.04051 3 0.261001 0.0901455 35
6 0.539 -0.8 0 -0.145557 -0.806166 -4.04051 3 0.261001 0.0901455 31
6 0.539 -0.8 0 -0.145557 -0.806166 -4.04051 3 0.223302 0.0901455 24
6 0.539 -0.8 0 -0.145557 -0.806166 -4.04051 3 0.223302 0.0901455 38
6 0.539 -0.8 0 -0.145557 -0.806166 -4.04051 3 0.223302 0.0901455 25
6 0.539 -0.8 0 -0.145557 -0.806166 -4.04051 3 0.185603 0.0901455 289
6 0.539 -0.8 0 -0.145557 -0.806166 -4.04051 3 0.185603 0.0901455 946
6 0.539 -0.8 0 -0.145557 -0.806166 -4.04051 3 0.148028 0.0901455 62
6 0.539 -0.8 0 -0.145557 -0.806166 -4.04051 3 0.148028 0.0901455 21
6 0.539 -0.8 0 -0.145557 -0.806166 -4.04051 3 0.110609 0.0901455 31
6 0.539 -0.8 0 -0.145557 -0.806166 -4.04051 3 0.110609 0.0901455 21
6 0.539 -0.8 0 -0.145557 -0.806166 -4.04051 3 0.110609 0.0901455 21
6 0.539 -0.8 0 -0.145557 -0.806166 -4.04051 3 0.110609 0.0901455 35
6 0.539 -0.8 0 -0.145557 -0.806166 -4.04051 3 0.0731276 0.0901455 21
6 0.539 -0.8 0 -0.145557 -0.806166 -4.04051 3 0.0731276 0.0901455 23
6 0.539 -0.8 0 -0.145557 -0.806166 -4.04051 3 0.0356773 0.0901455 23
6 0.539 -0.8 0 -0.145557 -0.806166 -4.04051 3 0.0356773 0.0901455 31
6 0.539 -0.8 0 -0.145557 -0.806166 -4.04051 3 0.0356773 0.0901455 26
6 0.539 -0.8 0 -0.145557 -0.806166 -4.04051 3 -0.0396898 0.0901455 23
6 0.539 -0.8 0 -0.145557 -0.806166 -4.04051 3 -0.0770157 0.0901455 21
6 0.539 -0.8 0 -0.145557 -0.806166 -4.04051 3 -0.114653 0.0901455 23
6 0.539 -0.8 0 -0.145557 -0.806166 -4.04051 3 -0.114653 0.0901455 22
6 0.539 -0.8 0 -0.145557 -0.806166 -4.04051 3 -0.151947 0.0901455 24
6 0.539 -0.8 0 -0.145557 -0.806166 -4.04051 3 -0.151947 0.0901455 28
6 0.539 -0.8 0 -0.145557 -0.806166 -4.04051 3 -0.151947 0.0901455 23
7 8.539 0.7 0 7.93038 0.68347 1.78498 3 -0.566731 0.0901455 22
7 8.539 0.7 0 7.93038 0.68347 1.78498 3 -0.49127 0.0901455 20
7 8.539 0.7 0 7.93038 0.68347 1.78498 3 -0.49127 0.0901455 20
7 8.539 0.7 0 7.93038 0.68347 1.78498 3 -0.341438 0.0901455 91
7 8.539 0.7 0 7.93038 0.68347 1.78498 3 -0.304299 0.0901455 30
7 8.539 0.7 0 7.93038 0.68347 1.78498 3 -0.304299 0.0901455 21
7 8.539 0.7 0 7.93038 0.68347 1.78498 3 -0.2666 0.0901455 72
7 8.539 0.7 0 7.93038 0.68347 1.78498 3 -0.2666 0.0901455 2534
7 8.539 0.7 0 7.93038 0.68347 1.78498 3 -0.2666 0.0901455 4327
7 8.539 0.7 0 7.93038 0.68347 1.78498 3 -0.2666 0.0901455 377
7 8.539 0.7 0 7.93038 0.68347 1.78498 3 -0.22915 0.0901455 24
7 8.539 0.7 0 7.93038 0.68347 1.78498 3 -0.191762 0.0901455 21
7 8.539 0.7 0 7.93038 0.68347 1.78498 3 -0.191762 0.0901455 26
7 8.539 0.7 0 7.93038 0.68347 1.78498 3 -0.191762 0.0901455 29
7 8.539 0.7 0 7.93038 0.68347 1.78498 3 -0.15428 0.0901455 24
7 8.539 0.7 0 7.93038 0.68347 1.78498 3 -0.15428 0.0901455 29
7 8.539 0.7 0 7.93038 0.68347 1.78498 3 -0.116457 0.0901455 21
7 8.539 0.7 0 7.93038 0.68347 1.78498 3 -0.0790064 0.0901455 26
7 8.539 0.7 0 7.93038 0.68347 1.78498 3 -0.0790064 0.0901455 34
7 8.539 0.7 0 7.93038 0.68347 1.78498 3 -0.0790064 0.0901455 21
7 8.539 0.7 0 7.93038 0.68347 1.78498 3 -0.0418361 0.0901455 21
7 8.539 0.7 0 7.93038 0.68347 1.78498 3 -0.0418361 0.0901455 22
7 8.539 0.7 0 7.93038 0.68347 1.78498 3 -0.0418361 0.0901455 25
7 8.539 0.7 0 7.93038 0.68347 1.78498 3 -0.00413695 0.0901455 30
7 8.539 0.7 0 7.93038 0.68347 1.78498 3 -0.00413695 0.0901455 26
7 8.539 0.7 0 7.93038 0.68347 1.78498 3 0.0336244 0.0901455 30
7 8.539 0.7 0 7.93038 0.68347 1.78498 3 0.0336244 0.0901455 678
7 8.539 0.7 0 7.93038 0.68347 1.78498 3 0.0336244 0.0901455 6500
7 8.539 0.7 0 7.93038 0.68347 1.78498 3 0.0336244 0.0901455 1532
7 8.539 0.7 0 7.93038 0.68347 1.78498 3 0.071168 0.0901455 23
7 8.539 0.7 0 7.93038 0.68347 1.78498 3 0.071168 0.0901455 22
7 8.539 0.7 0 7.93038 0.68347 1.78498 3 0.146628 0.0901455 31
7 8.539 0.7 0 7.93038 0.68347 1.78498 3 0.146628 0.0901455 20
7 8.539 0.7 0 7.93038 0.68347 1.78498 3 0.18439 0.0901455 23
7 8.539 0.7 0 7.93038 0.68347 1.78498 3 0.18439 0.0901455 30
7 8.539 0.7 0 7.93038 0.68347 1.78498 3 0.334346 0.0901455 25
7 8.539 0.7 0 7.93038 0.68347 1.78498 3 0.334346 0.0901455 21
7 8.539 0.7 0 7.93038 0.68347 1.78498 3 0.409745 0.0901455 35
7 8.539 0.7 0 7.93038 0.68347 1.78498 3 0.447319 0.0901455 22
7 8.539 0.7 0 7.93038 0.68347 1.78498 3 0.597276 0.0901455 22
7 8.539 0.7 0 7.93038 0.68347 1.78498 3 0.71 0.0901455 24
7 8.539 0.7 0 7.93038 0.68347 1.78498 3 0.71 0.0901455 25
7 8.539 0.7 0 7.93038 0.68347 1.78498 3 0.771339 0.0901455 20
7 8.539 0.7 0 7.93038 0.68347 1.78498 3 0.771339 0.0901455 22
7 8.539 0.7 0 7.93038 0.68347 1.78498 3 0.747886 0.0901455 31
8 17.039 1.2 0 16.4285 1.18684 1.98364 3 -0.77137 0.0901455 21
8 17.039 1.2 0 16.4285 1.18684 1.98364 3 -0.676749 0.0901455 25
8 17.039 1.2 0 16.4285 1.18684 1.98364 3 -0.639454 0.0901455 20
8 17.039 1.2 0 16.4285 1.18684 1.98364 3 -0.56418 0.0901455 25
8 17.039 1.2 0 16.4285 1.18684 1.98364 3 -0.526326 0.0901455 20
8 17.039 1.2 0 16.4285 1.18684 1.98364 3 -0.526326 0.0901455 32
8 17.039 1.2 0 16.4285 1.18684 1.98364 3 -0.526326 0.0901455 24
8 17.039 1.2 0 16.4285 1.18684 1.98364 3 -0.451736 0.0901455 24
8 17.039 1.2 0 16.4285 1.18684 1.98364 3 -0.414473 0.0901455 29
8 17.039 1.2 0 16.4285 1.18684 1.98364 3 -0.414473 0.0901455 30
8 17.039 1.2 0 16.4285 1.18684 1.98364 3 -0.414473 0.0901455 30
8 17.039 1.2 0 16.4285 1.18684 1.98364 3 -0.377084 0.0901455 21
8 17.039 1.2 0 16.4285 1.18684 1.98364 3 -0.377084 0.0901455 21
8 17.039 1.2 0 16.4285 1.18684 1.98364 3 -0.377084 0.0901455 22
8 17.039 1.2 0 16.4285 1.18684 1.98364 3 -0.377084 0.0901455 21
8 17.039 1.2 0 16.4285 1.18684 1.98364 3 -0.33923 0.0901455 24
8 17.039 1.2 0 16.4285 1.18684 1.98364 3 -0.33923 0.0901455 22
8 17.039 1.2 0 16.4285 1.18684 1.98364 3 -0.33923 0.0901455 24
8 17.039 1.2 0 16.4285 1.18684 1.98364 3 -0.301842 0.0901455 22
8 17.039 1.2 0 16.4285 1.18684 1.98364 3 -0.301842 0.0901455 21
8 17.039 1.2 0 16.4285 1.18684 1.98364 3 -0.301842 0.0901455 20
8 17.039 1.2 0 16.4285 1.18684 1.98364 3 -0.264547 0.0901455 22
8 17.039 1.2 0 16.4285 1.18684 1.98364 3 -0.264547 0.0901455 20
8 17.039 1.2 0 16.4285 1.18684 1.98364 3 -0.264547 0.0901455 20
8 17.039 1.2 0 16.4285 1.18684 1.98364 3 -0.264547 0.0901455 21
8 17.039 1.2 0 16.4285 1.18684 1.98364 3 -0.227346 0.0901455 24
8 17.039 1.2 0 16.4285 1.18684 1.98364 3 -0.227346 0.0901455 22
8 17.039 1.2 0 16.4285 1.18684 1.98364 3 -0.227346 0.0901455 25
8 17.039 1.2 0 16.4285 1.18684 1.98364 3 -0.190175 0.0901455 24
8 17.039 1.2 0 16.4285 1.18684 1.98364 3 -0.190175 0.0901455 23
8 17.039 1.2 0 16.4285 1.18684 1.98364 3 -0.152943 0.0901455 26
8 17.039 1.2 0 16.4285 1.18684 1.98364 3 -0.0779799 0.0901455 20
8 17.039 1.2 0 16.4285 1.18684 1.98364 3 0.0347442 0.0901455 24
8 17.039 1.2 0 16.4285 1.18684 1.98364 3 0.185541 0.0901455 20
8 17.039 1.2 0 16.4285 1.18684 1.98364 3 0.185541 0.0901455 34
8 17.039 1.2 0 16.4285 1.18684 1.98364 3 0.375032 0.0901455 136
8 17.039 1.2 0 16.4285 1.18684 1.98364 3 0.375032 0.0901455 3888
8 17.039 1.2 0 16.4285 1.18684 1.98364 3 0.375032 0.0901455 4782
8 17.039 1.2 0 16.4285 1.18684 1.98364 3 0.412731 0.0901455 4074
8 17.039 1.2 0 16.4285 1.18684 1.98364 3 0.412731 0.0901455 4170
8 17.039 1.2 0 16.4285 1.18684 1.98364 3 0.412731 0.0901455 3625
8 17.039 1.2 0 16.4285 1.18684 1.98364 3 0.45043 0.0901455 97
8 17.039 1.2 0 16.4285 1.18684 1.98364 3 0.45043 0.0901455 22
10 -14.961 -0.8 180 -14.3448 -0.875918 169.38 3 -0.785398 0.0901455 33
10 -14.961 -0.8 180 -14.3448 -0.875918 169.38 3 -0.785398 0.0901455 33
10 -14.961 -0.8 180 -14.3448 -0.875918 169.38 3 -0.785398 0.0901455 33
10 -14.961 -0.8 180 -14.3448 -0.875918 169.38 3 -0.785398 0.0901455 33
10 -14.961 -0.8 180 -14.3448 -0.875918 169.38 3 -0.785398 0.0901455 31
10 -14.961 -0.8 180 -14.3448 -0.875918 169.38 3 -0.785398 0.0901455 27
10 -14.961 -0.8 180 -14.3448 -0.875918 169.38 3 -0.783625 0.0901455 31
10 -14.961 -0.8 180 -14.3448 -0.875918 169.38 3 -0.783625 0.0901455 21
10 -14.961 -0.8 180 -14.3448 -0.875918 169.38 3 -0.566513 0.0901455 27
10 -14.961 -0.8 180 -14.3448 -0.875918 169.38 3 -0.417148 0.0901455 28
10 -14.961 -0.8 180 -14.3448 -0.875918 169.38 3 -0.19257 0.0901455 36
10 -14.961 -0.8 180 -14.3448 -0.875918 169.38 3 -0.19257 0.0901455 23
10 -14.961 -0.8 180 -14.3448 -0.875918 169.38 3 -0.117452 0.0901455 25
10 -14.961 -0.8 180 -14.3448 -0.875918 169.38 3 -0.117452 0.0901455 22
10 -14.961 -0.8 180 -14.3448 -0.875918 169.38 3 -0.0797529 0.0901455 29
10 -14.961 -0.8 180 -14.3448 -0.875918 169.38 3 -0.0423959 0.0901455 21
10 -14.961 -0.8 180 -14.3448 -0.875918 169.38 3 -0.0423959 0.0901455 21
10 -14.961 -0.8 180 -14.3448 -0.875918 169.38 3 -0.0423959 0.0901455 21
10 -14.961 -0.8 180 -14.3448 -0.875918 169.38 3 -0.00482126 0.0901455 20
10 -14.961 -0.8 180 -14.3448 -0.875918 169.38 3 -0.00482126 0.0901455 23
10 -14.961 -0.8 180 -14.3448 -0.875918 169.38 3 -0.00482126 0.0901455 20
10 -14.961 -0.8 180 -14.3448 -0.875918 169.38 3 -0.00482126 0.0901455 24
10 -14.961 -0.8 180 -14.3448 -0.875918 169.38 3 0.0329712 0.0901455 22
10 -14.961 -0.8 180 -14.3448 -0.875918 169.38 3 0.108089 0.0901455 22
10 -14.961 -0.8 180 -14.3448 -0.875918 169.38 3 0.18355 0.0901455 21
10 -14.961 -0.8 180 -14.3448 -0.875918 169.38 3 0.221125 0.0901455 21
10 -14.961 -0.8 180 -14.3448 -0.875918 169.38 3 0.258513 0.0901455 20
10 -14.961 -0.8 180 -14.3448 -0.875918 169.38 3 0.258513 0.0901455 21
10 -14.961 -0.8 180 -14.3448 -0.875918 169.38 3 0.258513 0.0901455 22
10 -14.961 -0.8 180 -14.3448 -0.875918 169.38 3 0.296274 0.0901455 31
10 -14.961 -0.8 180 -14.3448 -0.875918 169.38 3 0.333973 0.0901455 25
10 -14.961 -0.8 180 -14.3448 -0.875918 169.38 3 0.333973 0.0901455 26
10 -14.961 -0.8 180 -14.3448 -0.875918 169.38 3 0.333973 0.0901455 25
10 -14.961 -0.8 180 -14.3448 -0.875918 169.38 3 0.371641 0.0901455 23
10 -14.961 -0.8 180 -14.3448 -0.875918 169.38 3 0.371641 0.0901455 20
10 -14.961 -0.8 180 -14.3448 -0.875918 169.38 3 0.371641 0.0901455 25
10 -14.961 -0.8 180 -14.3448 -0.875918 169.38 3 0.371641 0.0901455 22
10 -14.961 -0.8 180 -14.3448 -0.875918 169.38 3 0.40934 0.0901455 24
10 -14.961 -0.8 180 -14.3448 -0.875918 169.38 3 0.40934 0.0901455 28
10 -14.961 -0.8 180 -14.3448 -0.875918 169.38 3 0.446853 0.0901455 20
10 -14.961 -0.8 180 -14.3448 -0.875918 169.38 3 0.446853 0.0901455 20
10 -14.961 -0.8 180 -14.3448 -0.875918 169.38 3 0.446853 0.0901455 21
11 -19.461 -1.3 -90 -18.9008 -1.30595 -82.41 3 -0.785398 0.0901455 20
11 -19.461 -1.3 -90 -18.9008 -1.30595 -82.41 3 -0.785398 0.0901455 20
11 -19.461 -1.3 -90 -18.9008 -1.30595 -82.41 3 -0.785398 0.0901455 20
11 -19.461 -1.3 -90 -18.9008 -1.30595 -82.41 3 -0.783563 0.0901455 22
11 -19.461 -1.3 -90 -18.9008 -1.30595 -82.41 3 -0.771556 0.0901455 22
11 -19.461 -1.3 -90 -18.9008 -1.30595 -82.41 3 -0.675194 0.0901455 20
11 -19.461 -1.3 -90 -18.9008 -1.30595 -82.41 3 -0.771059 0.0901455 22
11 -19.461 -1.3 -90 -18.9008 -1.30595 -82.41 3 -0.783345 0.0901455 22
11 -19.461 -1.3 -90 -18.9008 -1.30595 -82.41 3 -0.783345 0.0901455 22
11 -19.461 -1.3 -90 -18.9008 -1.30595 -82.41 3 -0.785398 0.0901455 22
11 -19.461 -1.3 -90 -18.9008 -1.30595 -82.41 3 -0.785398 0.0901455 21
11 -19.461 -1.3 -90 -18.9008 -1.30595 -82.41 3 -0.785398 0.0901455 21
11 -19.461 -1.3 -90 -18.9008 -1.30595 -82.41 3 -0.785398 0.0901455 22
11 -19.461 -1.3 -90 -18.9008 -1.30595 -82.41 3 -0.785398 0.0901455 22
11 -19.461 -1.3 -90 -18.9008 -1.30595 -82.41 3 -0.785398 0.0901455 24
11 -19.461 -1.3 -90 -18.9008 -1.30595 -82.41 3 -0.785398 0.0901455 23
12 -19.461 -1.3 0 -18.9713 -1.28794 -2.38863 3 -0.454007 0.0901455 21
12 -19.461 -1.3 0 -18.9713 -1.28794 -2.38863 3 -0.378764 0.0901455 23
12 -19.461 -1.3 0 -18.9713 -1.28794 -2.38863 3 -0.378764 0.0901455 23
12 -19.461 -1.3 0 -18.9713 -1.28794 -2.38863 3 -0.378764 0.0901455 23
12 -19.461 -1.3 0 -18.9713 -1.28794 -2.38863 3 -0.341532 0.0901455 29
12 -19.461 -1.3 0 -18.9713 -1.28794 -2.38863 3 -0.341532 0.0901455 170
12 -19.461 -1.3 0 -18.9713 -1.28794 -2.38863 3 -0.341532 0.0901455 217
12 -19.461 -1.3 0 -18.9713 -1.28794 -2.38863 3 -0.30433 0.0901455 145
12 -19.461 -1.3 0 -18.9713 -1.28794 -2.38863 3 -0.30433 0.0901455 36
12 -19.461 -1.3 0 -18.9713 -1.28794 -2.38863 3 -0.266973 0.0901455 21
12 -19.461 -1.3 0 -18.9713 -1.28794 -2.38863 3 -0.266973 0.0901455 49
12 -19.461 -1.3 0 -18.9713 -1.28794 -2.38863 3 -0.00413695 0.0901455 29
12 -19.461 -1.3 0 -18.9713 -1.28794 -2.38863 3 0.0332822 0.0901455 32
12 -19.461 -1.3 0 -18.9713 -1.28794 -2.38863 3 0.0332822 0.0901455 39
12 -19.461 -1.3 0 -18.9713 -1.28794 -2.38863 3 0.0332822 0.0901455 38
12 -19.461 -1.3 0 -18.9713 -1.28794 -2.38863 3 0.0332822 0.0901455 27
12 -19.461 -1.3 0 -18.9713 -1.28794 -2.38863 3 0.0710746 0.0901455 35
12 -19.461 -1.3 0 -18.9713 -1.28794 -2.38863 3 0.0710746 0.0901455 29
12 -19.461 -1.3 0 -18.9713 -1.28794 -2.38863 3 0.109054 0.0901455 30
12 -19.461 -1.3 0 -18.9713 -1.28794 -2.38863 3 0.109054 0.0901455 21
12 -19.461 -1.3 0 -18.9713 -1.28794 -2.38863 3 0.109054 0.0901455 21
12 -19.461 -1.3 0 -18.9713 -1.28794 -2.38863 3 0.146566 0.0901455 22
12 -19.461 -1.3 0 -18.9713 -1.28794 -2.38863 3 0.146566 0.0901455 32
12 -19.461 -1.3 0 -18.9713 -1.28794 -2.38863 3 0.185323 0.0901455 23
12 -19.461 -1.3 0 -18.9713 -1.28794 -2.38863 3 0.222835 0.0901455 20
12 -19.461 -1.3 0 -18.9713 -1.28794 -2.38863 3 0.298576 0.0901455 40
12 -19.461 -1.3 0 -18.9713 -1.28794 -2.38863 3 0.298576 0.0901455 20
12 -19.461 -1.3 0 -18.9713 -1.28794 -2.38863 3 0.373912 0.0901455 29
12 -19.461 -1.3 0 -18.9713 -1.28794 -2.38863 3 0.373912 0.0901455 21
12 -19.461 -1.3 0 -18.9713 -1.28794 -2.38863 3 0.411362 0.0901455 27
12 -19.461 -1.3 0 -18.9713 -1.28794 -2.38863 3 0.561847 0.0901455 21
12 -19.461 -1.3 0 -18.9713 -1.28794 -2.38863 3 0.561847 0.0901455 22
12 -19.461 -1.3 0 -18.9713 -1.28794 -2.38863 3 0.561847 0.0901455 21
12 -19.461 -1.3 0 -18.9713 -1.28794 -2.38863 3 0.636904 0.0901455 21
12 -19.461 -1.3 0 -18.9713 -1.28794 -2.38863 3 0.713235 0.0901455 20
12 -19.461 -1.3 0 -18.9713 -1.28794 -2.38863 3 0.637557 0.0901455 21
12 -19.461 -1.3 0 -18.9713 -1.28794 -2.38863 3 0.599764 0.0901455 20
12 -19.461 -1.3 0 -18.9713 -1.28794 -2.38863 3 0.599764 0.0901455 20
12 -19.461 -1.3 0 -18.9713 -1.28794 -2.38863 3 0.599764 0.0901455 23
12 -19.461 -1.3 0 -18.9713 -1.28794 -2.38863 3 0.449061 0.0901455 26
12 -19.461 -1.3 0 -18.9713 -1.28794 -2.38863 3 0.411704 0.0901455 21
12 -19.461 -1.3 0 -18.9713 -1.28794 -2.38863 3 0.411704 0.0901455 26
12 -19.461 -1.3 0 -18.9713 -1.28794 -2.38863 3 0.374129 0.0901455 28
12 -19.461 -1.3 0 -18.9713 -1.28794 -2.38863 3 0.336555 0.0901455 21
12 -19.461 -1.3 0 -18.9713 -1.28794 -2.38863 3 0.336555 0.0901455 40
12 -19.461 -1.3 0 -18.9713 -1.28794 -2.38863 3 0.2238 0.0901455 25
12 -19.461 -1.3 0 -18.9713 -1.28794 -2.38863 3 0.185976 0.0901455 27
12 -19.461 -1.3 0 -18.9713 -1.28794 -2.38863 3 0.147437 0.0901455 24
12 -19.461 -1.3 0 -18.9713 -1.28794 -2.38863 3 0.147437 0.0901455 26
12 -19.461 -1.3 0 -18.9713 -1.28794 -2.38863 3 0.147437 0.0901455 27
12 -19.461 -1.3 0 -18.9713 -1.28794 -2.38863 3 0.147437 0.0901455 27
12 -19.461 -1.3 0 -18.9713 -1.28794 -2.38863 3 0.109334 0.0901455 22
12 -19.461 -1.3 0 -18.9713 -1.28794 -2.38863 3 0.109334 0.0901455 22
12 -19.461 -1.3 0 -18.9713 -1.28794 -2.38863 3 0.109334 0.0901455 27
12 -19.461 -1.3 0 -18.9713 -1.28794 -2.38863 3 0.0712613 0.0901455 35
12 -19.461 -1.3 0 -18.9713 -1.28794 -2.38863 3 0.0712613 0.0901455 27
12 -19.461 -1.3 0 -18.9713 -1.28794 -2.38863 3 0.0712613 0.0901455 40
12 -19.461 -1.3 0 -18.9713 -1.28794 -2.38863 3 0.0712613 0.0901455 30
12 -19.461 -1.3 0 -18.9713 -1.28794 -2.38863 3 0.0332511 0.0901455 24
12 -19.461 -1.3 0 -18.9713 -1.28794 -2.38863 3 -0.229865 0.0901455 49
12 -19.461 -1.3 0 -18.9713 -1.28794 -2.38863 3 -0.229865 0.0901455 20
12 -19.461 -1.3 0 -18.9713 -1.28794 -2.38863 3 -0.267253 0.0901455 24
12 -19.461 -1.3 0 -18.9713 -1.28794 -2.38863 3 -0.304672 0.0901455 132
12 -19.461 -1.3 0 -18.9713 -1.28794 -2.38863 3 -0.304672 0.0901455 191
12 -19.461 -1.3 0 -18.9713 -1.28794 -2.38863 3 -0.304672 0.0901455 177
12 -19.461 -1.3 0 -18.9713 -1.28794 -2.38863 3 -0.304672 0.0901455 33
12 -19.461 -1.3 0 -18.9713 -1.28794 -2.38863 3 -0.342278 0.0901455 31
12 -19.461 -1.3 0 -18.9713 -1.28794 -2.38863 3 -0.342278 0.0901455 24
12 -19.461 -1.3 0 -18.9713 -1.28794 -2.38863 3 -0.342278 0.0901455 21
13 -20.461 -1.8 180 -19.8657 -1.83711 176.529 3 -0.415997 0.0901455 28
13 -20.461 -1.8 180 -19.8657 -1.83711 176.529 3 -0.341127 0.0901455 29
13 -20.461 -1.8 180 -19.8657 -1.83711 176.529 3 -0.303957 0.0901455 21
13 -20.461 -1.8 180 -19.8657 -1.83711 176.529 3 -0.266164 0.0901455 25
13 -20.461 -1.8 180 -19.8657 -1.83711 176.529 3 -0.228776 0.0901455 26
13 -20.461 -1.8 180 -19.8657 -1.83711 176.529 3 -0.228776 0.0901455 32
13 -20.461 -1.8 180 -19.8657 -1.83711 176.529 3 -0.191451 0.0901455 27
13 -20.461 -1.8 180 -19.8657 -1.83711 176.529 3 -0.191451 0.0901455 26
13 -20.461 -1.8 180 -19.8657 -1.83711 176.529 3 -0.191451 0.0901455 26
13 -20.461 -1.8 180 -19.8657 -1.83711 176.529 3 -0.154187 0.0901455 23
13 -20.461 -1.8 180 -19.8657 -1.83711 176.529 3 -0.154187 0.0901455 21
13 -20.461 -1.8 180 -19.8657 -1.83711 176.529 3 -0.154187 0.0901455 21
13 -20.461 -1.8 180 -19.8657 -1.83711 176.529 3 -0.117017 0.0901455 22
13 -20.461 -1.8 180 -19.8657 -1.83711 176.529 3 -0.0795663 0.0901455 20
13 -20.461 -1.8 180 -19.8657 -1.83711 176.529 3 -0.0795663 0.0901455 24
13 -20.461 -1.8 180 -19.8657 -1.83711 176.529 3 -0.0795663 0.0901455 21
13 -20.461 -1.8 180 -19.8657 -1.83711 176.529 3 -0.0795663 0.0901455 22
13 -20.461 -1.8 180 -19.8657 -1.83711 176.529 3 -0.0421471 0.0901455 22
13 -20.461 -1.8 180 -19.8657 -1.83711 176.529 3 -0.0421471 0.0901455 21
13 -20.461 -1.8 180 -19.8657 -1.83711 176.529 3 -0.0421471 0.0901455 23
13 -20.461 -1.8 180 -19.8657 -1.83711 176.529 3 -0.0421471 0.0901455 20
13 -20.461 -1.8 180 -19.8657 -1.83711 176.529 3 -0.00395032 0.0901455 21
13 -20.461 -1.8 180 -19.8657 -1.83711 176.529 3 0.0713857 0.0901455 29
13 -20.461 -1.8 180 -19.8657 -1.83711 176.529 3 0.222524 0.0901455 22
13 -20.461 -1.8 180 -19.8657 -1.83711 176.529 3 0.222524 0.0901455 21
13 -20.461 -1.8 180 -19.8657 -1.83711 176.529 3 0.297705 0.0901455 22
13 -20.461 -1.8 180 -19.8657 -1.83711 176.529 3 0.41074 0.0901455 25
13 -20.461 -1.8 180 -19.8657 -1.83711 176.529 3 0.448595 0.0901455 20
13 -20.461 -1.8 180 -19.8657 -1.83711 176.529 3 0.448595 0.0901455 30
13 -20.461 -1.8 180 -19.8657 -1.83711 176.529 3 0.486356 0.0901455 34
13 -20.461 -1.8 180 -19.8657 -1.83711 176.529 3 0.486356 0.0901455 20
13 -20.461 -1.8 180 -19.8657 -1.83711 176.529 3 0.524242 0.0901455 25
13 -20.461 -1.8 180 -19.8657 -1.83711 176.529 3 0.561879 0.0901455 21
13 -20.461 -1.8 180 -19.8657 -1.83711 176.529 3 0.599702 0.0901455 20
13 -20.461 -1.8 180 -19.8657 -1.83711 176.529 3 0.562345 0.0901455 24
13 -20.461 -1.8 180 -19.8657 -1.83711 176.529 3 0.524522 0.0901455 22
13 -20.461 -1.8 180 -19.8657 -1.83711 176.529 3 0.524522 0.0901455 22
13 -20.461 -1.8 180 -19.8657 -1.83711 176.529 3 0.48704 0.0901455 28
13 -20.461 -1.8 180 -19.8657 -1.83711 176.529 3 0.48704 0.0901455 21
13 -20.461 -1.8 180 -19.8657 -1.83711 176.529 3 0.449497 0.0901455 25
13 -20.461 -1.8 180 -19.8657 -1.83711 176.529 3 0.261219 0.0901455 20
13 -20.461 -1.8 180 -19.8657 -1.83711 176.529 3 0.223489 0.0901455 22
13 -20.461 -1.8 180 -19.8657 -1.83711 176.529 3 0.110516 0.0901455 20
13 -20.461 -1.8 180 -19.8657 -1.83711 176.529 3 0.110516 0.0901455 24
13 -20.461 -1.8 180 -19.8657 -1.83711 176.529 3 0.034993 0.0901455 20
13 -20.461 -1.8 180 -19.8657 -1.83711 176.529 3 -0.00245729 0.0901455 23
13 -20.461 -1.8 180 -19.8657 -1.83711 176.529 3 -0.00245729 0.0901455 24
13 -20.461 -1.8 180 -19.8657 -1.83711 176.529 3 -0.00245729 0.0901455 22
13 -20.461 -1.8 180 -19.8657 -1.83711 176.529 3 -0.040343 0.0901455 25
13 -20.461 -1.8 180 -19.8657 -1.83711 176.529 3 -0.040343 0.0901455 20
13 -20.461 -1.8 180 -19.8657 -1.83711 176.529 3 -0.040343 0.0901455 21
13 -20.461 -1.8 180 -19.8657 -1.83711 176.529 3 -0.040343 0.0901455 20
13 -20.461 -1.8 180 -19.8657 -1.83711 176.529 3 -0.0777311 0.0901455 20
13 -20.461 -1.8 180 -19.8657 -1.83711 176.529 3 -0.0777311 0.0901455 22
13 -20.461 -1.8 180 -19.8657 -1.83711 176.529 3 -0.114995 0.0901455 24
13 -20.461 -1.8 180 -19.8657 -1.83711 176.529 3 -0.114995 0.0901455 21
13 -20.461 -1.8 180 -19.8657 -1.83711 176.529 3 -0.114995 0.0901455 22
13 -20.461 -1.8 180 -19.8657 -1.83711 176.529 3 -0.114995 0.0901455 20
13 -20.461 -1.8 180 -19.8657 -1.83711 176.529 3 -0.152912 0.0901455 25
13 -20.461 -1.8 180 -19.8657 -1.83711 176.529 3 -0.152912 0.0901455 23
13 -20.461 -1.8 180 -19.8657 -1.83711 176.529 3 -0.152912 0.0901455 22
13 -20.461 -1.8 180 -19.8657 -1.83711 176.529 3 -0.152912 0.0901455 23
13 -20.461 -1.8 180 -19.8657 -1.83711 176.529 3 -0.19058 0.0901455 26
13 -20.461 -1.8 180 -19.8657 -1.83711 176.529 3 -0.19058 0.0901455 23
13 -20.461 -1.8 180 -19.8657 -1.83711 176.529 3 -0.19058 0.0901455 21
13 -20.461 -1.8 180 -19.8657 -1.83711 176.529 3 -0.227937 0.0901455 22
13 -20.461 -1.8 180 -19.8657 -1.83711 176.529 3 -0.227937 0.0901455 24
13 -20.461 -1.8 180 -19.8657 -1.83711 176.529 3 -0.302526 0.0901455 22
13 -20.461 -1.8 180 -19.8657 -1.83711 176.529 3 -0.302526 0.0901455 22
13 -20.461 -1.8 180 -19.8657 -1.83711 176.529 3 -0.3778 0.0901455 20
14 -27.961 -2.3 -90 -27.3414 -2.18796 -90.4912 3 -0.0798773 0.0901455 21
14 -27.961 -2.3 -90 -27.3414 -2.18796 -90.4912 3 -0.0421471 0.0901455 24
14 -27.961 -2.3 -90 -27.3414 -2.18796 -90.4912 3 -0.0421471 0.0901455 72
14 -27.961 -2.3 -90 -27.3414 -2.18796 -90.4912 3 -0.0421471 0.0901455 196
14 -27.961 -2.3 -90 -27.3414 -2.18796 -90.4912 3 -0.00270612 0.0901455 814
14 -27.961 -2.3 -90 -27.3414 -2.18796 -90.4912 3 -0.00270612 0.0901455 24
14 -27.961 -2.3 -90 -27.3414 -2.18796 -90.4912 3 -0.00270612 0.0901455 25
14 -27.961 -2.3 -90 -27.3414 -2.18796 -90.4912 3 0.0352729 0.0901455 30
14 -27.961 -2.3 -90 -27.3414 -2.18796 -90.4912 3 0.0730343 0.0901455 37
14 -27.961 -2.3 -90 -27.3414 -2.18796 -90.4912 3 0.0730343 0.0901455 21
14 -27.961 -2.3 -90 -27.3414 -2.18796 -90.4912 3 0.111044 0.0901455 24
14 -27.961 -2.3 -90 -27.3414 -2.18796 -90.4912 3 0.111044 0.0901455 24
14 -27.961 -2.3 -90 -27.3414 -2.18796 -90.4912 3 0.111044 0.0901455 86
14 -27.961 -2.3 -90 -27.3414 -2.18796 -90.4912 3 0.111044 0.0901455 190
14 -27.961 -2.3 -90 -27.3414 -2.18796 -90.4912 3 0.148899 0.0901455 22
14 -27.961 -2.3 -90 -27.3414 -2.18796 -90.4912 3 0.224453 0.0901455 26
14 -27.961 -2.3 -90 -27.3414 -2.18796 -90.4912 3 0.224453 0.0901455 21
14 -27.961 -2.3 -90 -27.3414 -2.18796 -90.4912 3 0.262307 0.0901455 20
14 -27.961 -2.3 -90 -27.3414 -2.18796 -90.4912 3 0.450492 0.0901455 23
14 -27.961 -2.3 -90 -27.3414 -2.18796 -90.4912 3 0.485672 0.0901455 26
14 -27.961 -2.3 -90 -27.3414 -2.18796 -90.4912 3 0.259881 0.0901455 26
14 -27.961 -2.3 -90 -27.3414 -2.18796 -90.4912 3 0.222369 0.0901455 25
14 -27.961 -2.3 -90 -27.3414 -2.18796 -90.4912 3 0.184887 0.0901455 90
14 -27.961 -2.3 -90 -27.3414 -2.18796 -90.4912 3 0.147313 0.0901455 195
14 -27.961 -2.3 -90 -27.3414 -2.18796 -90.4912 3 0.147313 0.0901455 31
14 -27.961 -2.3 -90 -27.3414 -2.18796 -90.4912 3 0.147313 0.0901455 29
14 -27.961 -2.3 -90 -27.3414 -2.18796 -90.4912 3 0.109427 0.0901455 29
14 -27.961 -2.3 -90 -27.3414 -2.18796 -90.4912 3 0.109427 0.0901455 23
14 -27.961 -2.3 -90 -27.3414 -2.18796 -90.4912 3 0.0718212 0.0901455 28
14 -27.961 -2.3 -90 -27.3414 -2.18796 -90.4912 3 0.0343087 0.0901455 20
14 -27.961 -2.3 -90 -27.3414 -2.18796 -90.4912 3 0.0343087 0.0901455 324
14 -27.961 -2.3 -90 -27.3414 -2.18796 -90.4912 3 -0.0031727 0.0901455 788
14 -27.961 -2.3 -90 -27.3414 -2.18796 -90.4912 3 -0.0031727 0.0901455 67
14 -27.961 -2.3 -90 -27.3414 -2.18796 -90.4912 3 -0.0031727 0.0901455 46
14 -27.961 -2.3 -90 -27.3414 -2.18796 -90.4912 3 -0.0031727 0.0901455 21
15 -28.961 -4.8 0 -28.6173 -4.30466 -4.3755 3 0.109458 0.0901455 22
15 -28.961 -4.8 0 -28.6173 -4.30466 -4.3755 3 0.109458 0.0901455 24
15 -28.961 -4.8 0 -28.6173 -4.30466 -4.3755 3 0.109458 0.0901455 20
15 -28.961 -4.8 0 -28.6173 -4.30466 -4.3755 3 0.448501 0.0901455 29
15 -28.961 -4.8 0 -28.6173 -4.30466 -4.3755 3 0.524117 0.0901455 21
15 -28.961 -4.8 0 -28.6173 -4.30466 -4.3755 3 0.524117 0.0901455 21
15 -28.961 -4.8 0 -28.6173 -4.30466 -4.3755 3 0.561505 0.0901455 24
15 -28.961 -4.8 0 -28.6173 -4.30466 -4.3755 3 0.636686 0.0901455 23
15 -28.961 -4.8 0 -28.6173 -4.30466 -4.3755 3 0.783563 0.0901455 23
16 -25.961 -10.3 -90 -25.9155 -9.66425 -89.5483 3 -0.679082 0.0901455 28
16 -25.961 -10.3 -90 -25.9155 -9.66425 -89.5483 3 -0.679082 0.0901455 34
16 -25.961 -10.3 -90 -25.9155 -9.66425 -89.5483 3 -0.679082 0.0901455 20
16 -25.961 -10.3 -90 -25.9155 -9.66425 -89.5483 3 -0.641787 0.0901455 22
16 -25.961 -10.3 -90 -25.9155 -9.66425 -89.5483 3 -0.228372 0.0901455 25
16 -25.961 -10.3 -90 -25.9155 -9.66425 -89.5483 3 -0.190735 0.0901455 27
16 -25.961 -10.3 -90 -25.9155 -9.66425 -89.5483 3 -0.153285 0.0901455 35
16 -25.961 -10.3 -90 -25.9155 -9.66425 -89.5483 3 -0.115524 0.0901455 20
16 -25.961 -10.3 -90 -25.9155 -9.66425 -89.5483 3 -0.078011 0.0901455 66
16 -25.961 -10.3 -90 -25.9155 -9.66425 -89.5483 3 -0.078011 0.0901455 67
16 -25.961 -10.3 -90 -25.9155 -9.66425 -89.5483 3 -0.0404986 0.0901455 39
16 -25.961 -10.3 -90 -25.9155 -9.66425 -89.5483 3 -0.0404986 0.0901455 32
16 -25.961 -10.3 -90 -25.9155 -9.66425 -89.5483 3 -0.00307938 0.0901455 25
16 -25.961 -10.3 -90 -25.9155 -9.66425 -89.5483 3 0.0348064 0.0901455 28
16 -25.961 -10.3 -90 -25.9155 -9.66425 -89.5483 3 0.0348064 0.0901455 26
16 -25.961 -10.3 -90 -25.9155 -9.66425 -89.5483 3 0.185447 0.0901455 21
16 -25.961 -10.3 -90 -25.9155 -9.66425 -89.5483 3 0.71196 0.0901455 23
16 -25.961 -10.3 -90 -25.9155 -9.66425 -89.5483 3 0.71196 0.0901455 23
16 -25.961 -10.3 -90 -25.9155 -9.66425 -89.5483 3 0.225075 0.0901455 25
16 -25.961 -10.3 -90 -25.9155 -9.66425 -89.5483 3 0.225075 0.0901455 25
16 -25.961 -10.3 -90 -25.9155 -9.66425 -89.5483 3 0.187718 0.0901455 24
16 -25.961 -10.3 -90 -25.9155 -9.66425 -89.5483 3 0.187718 0.0901455 38
16 -25.961 -10.3 -90 -25.9155 -9.66425 -89.5483 3 0.187718 0.0901455 24
16 -25.961 -10.3 -90 -25.9155 -9.66425 -89.5483 3 0.149988 0.0901455 29
16 -25.961 -10.3 -90 -25.9155 -9.66425 -89.5483 3 0.149988 0.0901455 29
16 -25.961 -10.3 -90 -25.9155 -9.66425 -89.5483 3 0.149988 0.0901455 43
16 -25.961 -10.3 -90 -25.9155 -9.66425 -89.5483 3 0.112258 0.0901455 28
16 -25.961 -10.3 -90 -25.9155 -9.66425 -89.5483 3 0.112258 0.0901455 28
16 -25.961 -10.3 -90 -25.9155 -9.66425 -89.5483 3 0.074745 0.0901455 26
16 -25.961 -10.3 -90 -25.9155 -9.66425 -89.5483 3 0.0372947 0.0901455 27
16 -25.961 -10.3 -90 -25.9155 -9.66425 -89.5483 3 0.0372947 0.0901455 34
16 -25.961 -10.3 -90 -25.9155 -9.66425 -89.5483 3 -0.0381346 0.0901455 20
16 -25.961 -10.3 -90 -25.9155 -9.66425 -89.5483 3 -0.0381346 0.0901455 26
16 -25.961 -10.3 -90 -25.9155 -9.66425 -89.5483 3 -0.0381346 0.0901455 103
16 -25.961 -10.3 -90 -25.9155 -9.66425 -89.5483 3 -0.188029 0.0901455 26
16 -25.961 -10.3 -90 -25.9155 -9.66425 -89.5483 3 -0.188029 0.0901455 20
16 -25.961 -10.3 -90 -25.9155 -9.66425 -89.5483 3 -0.225293 0.0901455 24
16 -25.961 -10.3 -90 -25.9155 -9.66425 -89.5483 3 -0.300784 0.0901455 22
16 -25.961 -10.3 -90 -25.9155 -9.66425 -89.5483 3 -0.338483 0.0901455 21
16 -25.961 -10.3 -90 -25.9155 -9.66425 -89.5483 3 -0.375685 0.0901455 23
16 -25.961 -10.3 -90 -25.9155 -9.66425 -89.5483 3 -0.60048 0.0901455 21
16 -25.961 -10.3 -90 -25.9155 -9.66425 -89.5483 3 -0.60048 0.0901455 30
16 -25.961 -10.3 -90 -25.9155 -9.66425 -89.5483 3 -0.638428 0.0901455 31
