0 -9.461 -13.3 90 -9.6272 -13.0805 91.6357 3 -0.748508 0.0901455 23
0 -9.461 -13.3 90 -9.6272 -13.0805 91.6357 3 -0.748508 0.0901455 169
0 -9.461 -13.3 90 -9.6272 -13.0805 91.6357 3 -0.748508 0.0901455 1114
0 -9.461 -13.3 90 -9.6272 -13.0805 91.6357 3 -0.714728 0.0901455 1936
0 -9.461 -13.3 90 -9.6272 -13.0805 91.6357 3 -0.714728 0.0901455 39
0 -9.461 -13.3 90 -9.6272 -13.0805 91.6357 3 -0.640014 0.0901455 21
0 -9.461 -13.3 90 -9.6272 -13.0805 91.6357 3 -0.415623 0.0901455 25
0 -9.461 -13.3 90 -9.6272 -13.0805 91.6357 3 -0.415623 0.0901455 24
0 -9.461 -13.3 90 -9.6272 -13.0805 91.6357 3 -0.415623 0.0901455 27
0 -9.461 -13.3 90 -9.6272 -13.0805 91.6357 3 -0.415623 0.0901455 25
0 -9.461 -13.3 90 -9.6272 -13.0805 91.6357 3 -0.37836 0.0901455 23
0 -9.461 -13.3 90 -9.6272 -13.0805 91.6357 3 -0.37836 0.0901455 27
0 -9.461 -13.3 90 -9.6272 -13.0805 91.6357 3 -0.37836 0.0901455 25
0 -9.461 -13.3 90 -9.6272 -13.0805 91.6357 3 -0.37836 0.0901455 40
0 -9.461 -13.3 90 -9.6272 -13.0805 91.6357 3 -0.341003 0.0901455 35
0 -9.461 -13.3 90 -9.6272 -13.0805 91.6357 3 -0.341003 0.0901455 42
0 -9.461 -13.3 90 -9.6272 -13.0805 91.6357 3 -0.341003 0.0901455 47
0 -9.461 -13.3 90 -9.6272 -13.0805 91.6357 3 -0.30377 0.0901455 40
0 -9.461 -13.3 90 -9.6272 -13.0805 91.6357 3 -0.30377 0.0901455 42
0 -9.461 -13.3 90 -9.6272 -13.0805 91.6357 3 -0.30377 0.0901455 32
0 -9.461 -13.3 90 -9.6272 -13.0805 91.6357 3 -0.30377 0.0901455 45
0 -9.461 -13.3 90 -9.6272 -13.0805 91.6357 3 -0.266444 0.0901455 36
0 -9.461 -13.3 90 -9.6272 -13.0805 91.6357 3 -0.266444 0.0901455 32
0 -9.461 -13.3 90 -9.6272 -13.0805 91.6357 3 -0.266444 0.0901455 33
0 -9.461 -13.3 90 -9.6272 -13.0805 91.6357 3 -0.266444 0.0901455 30
0 -9.461 -13.3 90 -9.6272 -13.0805 91.6357 3 -0.22915 0.0901455 30
0 -9.461 -13.3 90 -9.6272 -13.0805 91.6357 3 -0.22915 0.0901455 24
0 -9.461 -13.3 90 -9.6272 -13.0805 91.6357 3 -0.22915 0.0901455 31
0 -9.461 -13.3 90 -9.6272 -13.0805 91.6357 3 -0.191824 0.0901455 22
0 -9.461 -13.3 90 -9.6272 -13.0805 91.6357 3 -0.11711 0.0901455 21
0 -9.461 -13.3 90 -9.6272 -13.0805 91.6357 3 0.560821 0.0901455 23
0 -9.461 -13.3 90 -9.6272 -13.0805 91.6357 3 0.560821 0.0901455 20
0 -9.461 -13.3 90 -9.6272 -13.0805 91.6357 3 0.599578 0.0901455 26
0 -9.461 -13.3 90 -9.6272 -13.0805 91.6357 3 -0.0790064 0.0901455 23
0 -9.461 -13.3 90 -9.6272 -13.0805 91.6357 3 -0.191108 0.0901455 32
0 -9.461 -13.3 90 -9.6272 -13.0805 91.6357 3 -0.191108 0.0901455 23
0 -9.461 -13.3 90 -9.6272 -13.0805 91.6357 3 -0.191108 0.0901455 33
0 -9.461 -13.3 90 -9.6272 -13.0805 91.6357 3 -0.22831 0.0901455 33
0 -9.461 -13.3 90 -9.6272 -13.0805 91.6357 3 -0.22831 0.0901455 30
0 -9.461 -13.3 90 -9.6272 -13.0805 91.6357 3 -0.22831 0.0901455 28
0 -9.461 -13.3 90 -9.6272 -13.0805 91.6357 3 -0.22831 0.0901455 36
0 -9.461 -13.3 90 -9.6272 -13.0805 91.6357 3 -0.266289 0.0901455 31
0 -9.461 -13.3 90 -9.6272 -13.0805 91.6357 3 -0.266289 0.0901455 43
0 -9.461 -13.3 90 -9.6272 -13.0805 91.6357 3 -0.266289 0.0901455 40
0 -9.461 -13.3 90 -9.6272 -13.0805 91.6357 3 -0.266289 0.0901455 41
0 -9.461 -13.3 90 -9.6272 -13.0805 91.6357 3 -0.303553 0.0901455 44
0 -9.461 -13.3 90 -9.6272 -13.0805 91.6357 3 -0.303553 0.0901455 43
0 -9.461 -13.3 90 -9.6272 -13.0805 91.6357 3 -0.303553 0.0901455 33
0 -9.461 -13.3 90 -9.6272 -13.0805 91.6357 3 -0.303553 0.0901455 36
0 -9.461 -13.3 90 -9.6272 -13.0805 91.6357 3 -0.341158 0.0901455 39
0 -9.461 -13.3 90 -9.6272 -13.0805 91.6357 3 -0.341158 0.0901455 26
0 -9.461 -13.3 90 -9.6272 -13.0805 91.6357 3 -0.341158 0.0901455 27
0 -9.461 -13.3 90 -9.6272 -13.0805 91.6357 3 -0.378422 0.0901455 26
0 -9.461 -13.3 90 -9.6272 -13.0805 91.6357 3 -0.378422 0.0901455 25
0 -9.461 -13.3 90 -9.6272 -13.0805 91.6357 3 -0.378422 0.0901455 23
0 -9.461 -13.3 90 -9.6272 -13.0805 91.6357 3 -0.378422 0.0901455 23
0 -9.461 -13.3 90 -9.6272 -13.0805 91.6357 3 -0.491457 0.0901455 20
0 -9.461 -13.3 90 -9.6272 -13.0805 91.6357 3 -0.678273 0.0901455 21
0 -9.461 -13.3 90 -9.6272 -13.0805 91.6357 3 -0.678273 0.0901455 418
0 -9.461 -13.3 90 -9.6272 -13.0805 91.6357 3 -0.715723 0.0901455 2132
0 -9.461 -13.3 90 -9.6272 -13.0805 91.6357 3 -0.715723 0.0901455 397
0 -9.461 -13.3 90 -9.6272 -13.0805 91.6357 3 -0.715723 0.0901455 55
1 -8.461 -9.8 -90 -8.53955 -10.0446 -88.1517 3 -0.490991 0.0901455 44
1 -8.461 -9.8 -90 -8.53955 -10.0446 -88.1517 3 -0.453727 0.0901455 22
1 -8.461 -9.8 -90 -8.53955 -10.0446 -88.1517 3 -0.453727 0.0901455 48
1 -8.461 -9.8 -90 -8.53955 -10.0446 -88.1517 3 -0.415997 0.0901455 21
1 -8.461 -9.8 -90 -8.53955 -10.0446 -88.1517 3 -0.415997 0.0901455 98
1 -8.461 -9.8 -90 -8.53955 -10.0446 -88.1517 3 -0.415997 0.0901455 45
1 -8.461 -9.8 -90 -8.53955 -10.0446 -88.1517 3 -0.415997 0.0901455 67
1 -8.461 -9.8 -90 -8.53955 -10.0446 -88.1517 3 -0.378546 0.0901455 24
1 -8.461 -9.8 -90 -8.53955 -10.0446 -88.1517 3 -0.3415 0.0901455 58
1 -8.461 -9.8 -90 -8.53955 -10.0446 -88.1517 3 -0.3415 0.0901455 48
1 -8.461 -9.8 -90 -8.53955 -10.0446 -88.1517 3 -0.304237 0.0901455 38
1 -8.461 -9.8 -90 -8.53955 -10.0446 -88.1517 3 -0.266973 0.0901455 20
1 -8.461 -9.8 -90 -8.53955 -10.0446 -88.1517 3 -0.266973 0.0901455 41
1 -8.461 -9.8 -90 -8.53955 -10.0446 -88.1517 3 -0.266973 0.0901455 22
1 -8.461 -9.8 -90 -8.53955 -10.0446 -88.1517 3 -0.22943 0.0901455 25
1 -8.461 -9.8 -90 -8.53955 -10.0446 -88.1517 3 -0.22943 0.0901455 103
1 -8.461 -9.8 -90 -8.53955 -10.0446 -88.1517 3 -0.22943 0.0901455 58
1 -8.461 -9.8 -90 -8.53955 -10.0446 -88.1517 3 -0.22943 0.0901455 53
1 -8.461 -9.8 -90 -8.53955 -10.0446 -88.1517 3 -0.191419 0.0901455 31
1 -8.461 -9.8 -90 -8.53955 -10.0446 -88.1517 3 -0.153565 0.0901455 131
1 -8.461 -9.8 -90 -8.53955 -10.0446 -88.1517 3 -0.153565 0.0901455 25
1 -8.461 -9.8 -90 -8.53955 -10.0446 -88.1517 3 -0.153565 0.0901455 61
1 -8.461 -9.8 -90 -8.53955 -10.0446 -88.1517 3 -0.11627 0.0901455 77
1 -8.461 -9.8 -90 -8.53955 -10.0446 -88.1517 3 -0.11627 0.0901455 44
1 -8.461 -9.8 -90 -8.53955 -10.0446 -88.1517 3 -0.0786953 0.0901455 40
1 -8.461 -9.8 -90 -8.53955 -10.0446 -88.1517 3 -0.0411518 0.0901455 69
1 -8.461 -9.8 -90 -8.53955 -10.0446 -88.1517 3 -0.0411518 0.0901455 49
1 -8.461 -9.8 -90 -8.53955 -10.0446 -88.1517 3 -0.0411518 0.0901455 43
1 -8.461 -9.8 -90 -8.53955 -10.0446 -88.1517 3 -0.00342154 0.0901455 42
1 -8.461 -9.8 -90 -8.53955 -10.0446 -88.1517 3 -0.00342154 0.0901455 71
1 -8.461 -9.8 -90 -8.53955 -10.0446 -88.1517 3 0.034402 0.0901455 85
1 -8.461 -9.8 -90 -8.53955 -10.0446 -88.1517 3 0.034402 0.0901455 96
1 -8.461 -9.8 -90 -8.53955 -10.0446 -88.1517 3 0.034402 0.0901455 1932
1 -8.461 -9.8 -90 -8.53955 -10.0446 -88.1517 3 0.034402 0.0901455 3617
1 -8.461 -9.8 -90 -8.53955 -10.0446 -88.1517 3 0.07207 0.0901455 219
1 -8.461 -9.8 -90 -8.53955 -10.0446 -88.1517 3 0.07207 0.0901455 30
1 -8.461 -9.8 -90 -8.53955 -10.0446 -88.1517 3 0.07207 0.0901455 30
1 -8.461 -9.8 -90 -8.53955 -10.0446 -88.1517 3 0.07207 0.0901455 65
1 -8.461 -9.8 -90 -8.53955 -10.0446 -88.1517 3 0.109551 0.0901455 42
1 -8.461 -9.8 -90 -8.53955 -10.0446 -88.1517 3 0.109551 0.0901455 237
1 -8.461 -9.8 -90 -8.53955 -10.0446 -88.1517 3 0.109551 0.0901455 190
1 -8.461 -9.8 -90 -8.53955 -10.0446 -88.1517 3 0.109551 0.0901455 37
1 -8.461 -9.8 -90 -8.53955 -10.0446 -88.1517 3 0.147002 0.0901455 110
1 -8.461 -9.8 -90 -8.53955 -10.0446 -88.1517 3 0.147002 0.0901455 49
1 -8.461 -9.8 -90 -8.53955 -10.0446 -88.1517 3 0.18495 0.0901455 53
1 -8.461 -9.8 -90 -8.53955 -10.0446 -88.1517 3 0.18495 0.0901455 47
1 -8.461 -9.8 -90 -8.53955 -10.0446 -88.1517 3 0.297954 0.0901455 34
1 -8.461 -9.8 -90 -8.53955 -10.0446 -88.1517 3 0.297954 0.0901455 40
1 -8.461 -9.8 -90 -8.53955 -10.0446 -88.1517 3 0.297954 0.0901455 22
1 -8.461 -9.8 -90 -8.53955 -10.0446 -88.1517 3 0.335404 0.0901455 59
1 -8.461 -9.8 -90 -8.53955 -10.0446 -88.1517 3 0.335404 0.0901455 35
1 -8.461 -9.8 -90 -8.53955 -10.0446 -88.1517 3 0.373072 0.0901455 28
1 -8.461 -9.8 -90 -8.53955 -10.0446 -88.1517 3 0.373072 0.0901455 46
1 -8.461 -9.8 -90 -8.53955 -10.0446 -88.1517 3 0.373072 0.0901455 28
1 -8.461 -9.8 -90 -8.53955 -10.0446 -88.1517 3 0.373072 0.0901455 24
1 -8.461 -9.8 -90 -8.53955 -10.0446 -88.1517 3 0.449061 0.0901455 27
1 -8.461 -9.8 -90 -8.53955 -10.0446 -88.1517 3 0.524584 0.0901455 41
1 -8.461 -9.8 -90 -8.53955 -10.0446 -88.1517 3 0.524584 0.0901455 41
1 -8.461 -9.8 -90 -8.53955 -10.0446 -88.1517 3 0.562314 0.0901455 47
1 -8.461 -9.8 -90 -8.53955 -10.0446 -88.1517 3 0.562314 0.0901455 24
2 -8.461 -7.8 -90 -8.416 -7.92117 -96.0922 3 -0.601537 0.0901455 25
2 -8.461 -7.8 -90 -8.416 -7.92117 -96.0922 3 -0.26293 0.0901455 21
2 -8.461 -7.8 -90 -8.416 -7.92117 -96.0922 3 -0.112693 0.0901455 29
2 -8.461 -7.8 -90 -8.416 -7.92117 -96.0922 3 -0.0376369 0.0901455 21
2 -8.461 -7.8 -90 -8.416 -7.92117 -96.0922 3 0.0380413 0.0901455 33
2 -8.461 -7.8 -90 -8.416 -7.92117 -96.0922 3 0.0380413 0.0901455 46
2 -8.461 -7.8 -90 -8.416 -7.92117 -96.0922 3 0.0380413 0.0901455 33
2 -8.461 -7.8 -90 -8.416 -7.92117 -96.0922 3 0.0755226 0.0901455 33
2 -8.461 -7.8 -90 -8.416 -7.92117 -96.0922 3 0.0755226 0.0901455 41
2 -8.461 -7.8 -90 -8.416 -7.92117 -96.0922 3 0.0755226 0.0901455 47
2 -8.461 -7.8 -90 -8.416 -7.92117 -96.0922 3 0.113035 0.0901455 28
2 -8.461 -7.8 -90 -8.416 -7.92117 -96.0922 3 0.113035 0.0901455 41
2 -8.461 -7.8 -90 -8.416 -7.92117 -96.0922 3 0.150548 0.0901455 60
2 -8.461 -7.8 -90 -8.416 -7.92117 -96.0922 3 0.150548 0.0901455 61
2 -8.461 -7.8 -90 -8.416 -7.92117 -96.0922 3 0.187998 0.0901455 33
2 -8.461 -7.8 -90 -8.416 -7.92117 -96.0922 3 0.225541 0.0901455 29
2 -8.461 -7.8 -90 -8.416 -7.92117 -96.0922 3 0.225541 0.0901455 26
2 -8.461 -7.8 -90 -8.416 -7.92117 -96.0922 3 0.225541 0.0901455 45
2 -8.461 -7.8 -90 -8.416 -7.92117 -96.0922 3 0.263241 0.0901455 77
2 -8.461 -7.8 -90 -8.416 -7.92117 -96.0922 3 0.263241 0.0901455 26
2 -8.461 -7.8 -90 -8.416 -7.92117 -96.0922 3 0.301344 0.0901455 40
2 -8.461 -7.8 -90 -8.416 -7.92117 -96.0922 3 0.377022 0.0901455 62
2 -8.461 -7.8 -90 -8.416 -7.92117 -96.0922 3 0.377022 0.0901455 48
2 -8.461 -7.8 -90 -8.416 -7.92117 -96.0922 3 0.377022 0.0901455 164
2 -8.461 -7.8 -90 -8.416 -7.92117 -96.0922 3 0.414752 0.0901455 52
2 -8.461 -7.8 -90 -8.416 -7.92117 -96.0922 3 0.414752 0.0901455 22
2 -8.461 -7.8 -90 -8.416 -7.92117 -96.0922 3 0.414752 0.0901455 27
2 -8.461 -7.8 -90 -8.416 -7.92117 -96.0922 3 0.453167 0.0901455 21
2 -8.461 -7.8 -90 -8.416 -7.92117 -96.0922 3 0.490679 0.0901455 30
2 -8.461 -7.8 -90 -8.416 -7.92117 -96.0922 3 0.490679 0.0901455 34
2 -8.461 -7.8 -90 -8.416 -7.92117 -96.0922 3 0.490679 0.0901455 25
2 -8.461 -7.8 -90 -8.416 -7.92117 -96.0922 3 0.490679 0.0901455 30
2 -8.461 -7.8 -90 -8.416 -7.92117 -96.0922 3 0.528596 0.0901455 42
2 -8.461 -7.8 -90 -8.416 -7.92117 -96.0922 3 0.528596 0.0901455 34
2 -8.461 -7.8 -90 -8.416 -7.92117 -96.0922 3 0.67989 0.0901455 24
2 -8.461 -7.8 -90 -8.416 -7.92117 -96.0922 3 0.713297 0.0901455 25
2 -8.461 -7.8 -90 -8.416 -7.92117 -96.0922 3 0.562687 0.0901455 34
2 -8.461 -7.8 -90 -8.416 -7.92117 -96.0922 3 0.562687 0.0901455 45
2 -8.461 -7.8 -90 -8.416 -7.92117 -96.0922 3 0.524584 0.0901455 32
2 -8.461 -7.8 -90 -8.416 -7.92117 -96.0922 3 0.524584 0.0901455 28
2 -8.461 -7.8 -90 -8.416 -7.92117 -96.0922 3 0.524584 0.0901455 38
2 -8.461 -7.8 -90 -8.416 -7.92117 -96.0922 3 0.524584 0.0901455 30
2 -8.461 -7.8 -90 -8.416 -7.92117 -96.0922 3 0.486698 0.0901455 67
2 -8.461 -7.8 -90 -8.416 -7.92117 -96.0922 3 0.449154 0.0901455 20
2 -8.461 -7.8 -90 -8.416 -7.92117 -96.0922 3 0.411611 0.0901455 164
2 -8.461 -7.8 -90 -8.416 -7.92117 -96.0922 3 0.411611 0.0901455 51
2 -8.461 -7.8 -90 -8.416 -7.92117 -96.0922 3 0.411611 0.0901455 53
2 -8.461 -7.8 -90 -8.416 -7.92117 -96.0922 3 0.411611 0.0901455 38
2 -8.461 -7.8 -90 -8.416 -7.92117 -96.0922 3 0.374161 0.0901455 35
2 -8.461 -7.8 -90 -8.416 -7.92117 -96.0922 3 0.336586 0.0901455 29
2 -8.461 -7.8 -90 -8.416 -7.92117 -96.0922 3 0.298825 0.0901455 27
2 -8.461 -7.8 -90 -8.416 -7.92117 -96.0922 3 0.298825 0.0901455 87
2 -8.461 -7.8 -90 -8.416 -7.92117 -96.0922 3 0.298825 0.0901455 29
2 -8.461 -7.8 -90 -8.416 -7.92117 -96.0922 3 0.261188 0.0901455 30
2 -8.461 -7.8 -90 -8.416 -7.92117 -96.0922 3 0.261188 0.0901455 30
2 -8.461 -7.8 -90 -8.416 -7.92117 -96.0922 3 0.261188 0.0901455 21
2 -8.461 -7.8 -90 -8.416 -7.92117 -96.0922 3 0.223489 0.0901455 26
2 -8.461 -7.8 -90 -8.416 -7.92117 -96.0922 3 0.18551 0.0901455 71
2 -8.461 -7.8 -90 -8.416 -7.92117 -96.0922 3 0.18551 0.0901455 40
2 -8.461 -7.8 -90 -8.416 -7.92117 -96.0922 3 0.147935 0.0901455 71
2 -8.461 -7.8 -90 -8.416 -7.92117 -96.0922 3 0.147935 0.0901455 90
2 -8.461 -7.8 -90 -8.416 -7.92117 -96.0922 3 0.147935 0.0901455 33
2 -8.461 -7.8 -90 -8.416 -7.92117 -96.0922 3 0.147935 0.0901455 42
2 -8.461 -7.8 -90 -8.416 -7.92117 -96.0922 3 0.110422 0.0901455 51
2 -8.461 -7.8 -90 -8.416 -7.92117 -96.0922 3 0.110422 0.0901455 111
2 -8.461 -7.8 -90 -8.416 -7.92117 -96.0922 3 0.110422 0.0901455 59
2 -8.461 -7.8 -90 -8.416 -7.92117 -96.0922 3 0.0723188 0.0901455 77
2 -8.461 -7.8 -90 -8.416 -7.92117 -96.0922 3 0.0345886 0.0901455 24
2 -8.461 -7.8 -90 -8.416 -7.92117 -96.0922 3 0.0345886 0.0901455 29
3 -8.461 -3.3 -90 -8.45847 -3.63482 -86.5222 3 -0.300846 0.0901455 23
3 -8.461 -3.3 -90 -8.45847 -3.63482 -86.5222 3 -0.300846 0.0901455 35
3 -8.461 -3.3 -90 -8.45847 -3.63482 -86.5222 3 -0.26293 0.0901455 27
3 -8.461 -3.3 -90 -8.45847 -3.63482 -86.5222 3 -0.26293 0.0901455 20
3 -8.461 -3.3 -90 -8.45847 -3.63482 -86.5222 3 -0.26293 0.0901455 23
3 -8.461 -3.3 -90 -8.45847 -3.63482 -86.5222 3 -0.225759 0.0901455 29
3 -8.461 -3.3 -90 -8.45847 -3.63482 -86.5222 3 -0.225759 0.0901455 182
3 -8.461 -3.3 -90 -8.45847 -3.63482 -86.5222 3 -0.188371 0.0901455 28
3 -8.461 -3.3 -90 -8.45847 -3.63482 -86.5222 3 -0.188371 0.0901455 23
3 -8.461 -3.3 -90 -8.45847 -3.63482 -86.5222 3 -0.150579 0.0901455 21
3 -8.461 -3.3 -90 -8.45847 -3.63482 -86.5222 3 -0.150579 0.0901455 68
3 -8.461 -3.3 -90 -8.45847 -3.63482 -86.5222 3 -0.111822 0.0901455 46
3 -8.461 -3.3 -90 -8.45847 -3.63482 -86.5222 3 -0.0742785 0.0901455 31
3 -8.461 -3.3 -90 -8.45847 -3.63482 -86.5222 3 -0.0742785 0.0901455 32
3 -8.461 -3.3 -90 -8.45847 -3.63482 -86.5222 3 -0.0742785 0.0901455 25
3 -8.461 -3.3 -90 -8.45847 -3.63482 -86.5222 3 -0.0369837 0.0901455 25
3 -8.461 -3.3 -90 -8.45847 -3.63482 -86.5222 3 -0.0369837 0.0901455 23
3 -8.461 -3.3 -90 -8.45847 -3.63482 -86.5222 3 -0.0369837 0.0901455 20
3 -8.461 -3.3 -90 -8.45847 -3.63482 -86.5222 3 0.000590993 0.0901455 20
3 -8.461 -3.3 -90 -8.45847 -3.63482 -86.5222 3 0.000590993 0.0901455 27
3 -8.461 -3.3 -90 -8.45847 -3.63482 -86.5222 3 0.038259 0.0901455 27
3 -8.461 -3.3 -90 -8.45847 -3.63482 -86.5222 3 0.038259 0.0901455 20
3 -8.461 -3.3 -90 -8.45847 -3.63482 -86.5222 3 0.0758026 0.0901455 585
3 -8.461 -3.3 -90 -8.45847 -3.63482 -86.5222 3 0.113533 0.0901455 6359
3 -8.461 -3.3 -90 -8.45847 -3.63482 -86.5222 3 0.113533 0.0901455 2736
3 -8.461 -3.3 -90 -8.45847 -3.63482 -86.5222 3 0.113533 0.0901455 40
4 -7.461 -1.8 0 -7.56493 -2.08202 2.74056 3 -0.229274 0.0901715 20
4 -7.461 -1.8 0 -7.56493 -2.08202 2.74056 3 -0.229274 0.0901715 21
4 -7.461 -1.8 0 -7.56493 -2.08202 2.74056 3 -0.229274 0.0901715 25
4 -7.461 -1.8 0 -7.56493 -2.08202 2.74056 3 -0.153471 0.0901715 27
4 -7.461 -1.8 0 -7.56493 -2.08202 2.74056 3 -0.153471 0.0901715 33
4 -7.461 -1.8 0 -7.56493 -2.08202 2.74056 3 -0.153471 0.0901715 34
4 -7.461 -1.8 0 -7.56493 -2.08202 2.74056 3 -0.153471 0.0901715 41
4 -7.461 -1.8 0 -7.56493 -2.08202 2.74056 3 -0.116052 0.0901715 37
4 -7.461 -1.8 0 -7.56493 -2.08202 2.74056 3 -0.116052 0.0901715 32
4 -7.461 -1.8 0 -7.56493 -2.08202 2.74056 3 -0.116052 0.0901715 33
4 -7.461 -1.8 0 -7.56493 -2.08202 2.74056 3 -0.0787887 0.0901715 23
4 -7.461 -1.8 0 -7.56493 -2.08202 2.74056 3 -0.0787887 0.0901715 22
4 -7.461 -1.8 0 -7.56493 -2.08202 2.74056 3 -0.0787887 0.0901715 23
4 -7.461 -1.8 0 -7.56493 -2.08202 2.74056 3 -0.0415561 0.0901715 33
4 -7.461 -1.8 0 -7.56493 -2.08202 2.74056 3 -0.0415561 0.0901715 43
4 -7.461 -1.8 0 -7.56493 -2.08202 2.74056 3 -0.0415561 0.0901715 22
4 -7.461 -1.8 0 -7.56493 -2.08202 2.74056 3 -0.0415561 0.0901715 27
4 -7.461 -1.8 0 -7.56493 -2.08202 2.74056 3 -0.00354596 0.0901715 29
4 -7.461 -1.8 0 -7.56493 -2.08202 2.74056 3 -0.00354596 0.0901715 36
4 -7.461 -1.8 0 -7.56493 -2.08202 2.74056 3 -0.00354596 0.0901715 24
4 -7.461 -1.8 0 -7.56493 -2.08202 2.74056 3 -0.00354596 0.0901715 24
4 -7.461 -1.8 0 -7.56493 -2.08202 2.74056 3 0.0339043 0.0901715 34
4 -7.461 -1.8 0 -7.56493 -2.08202 2.74056 3 0.0339043 0.0901715 32
4 -7.461 -1.8 0 -7.56493 -2.08202 2.74056 3 0.0714479 0.0901715 34
4 -7.461 -1.8 0 -7.56493 -2.08202 2.74056 3 0.0714479 0.0901715 106
4 -7.461 -1.8 0 -7.56493 -2.08202 2.74056 3 0.0714479 0.0901715 556
4 -7.461 -1.8 0 -7.56493 -2.08202 2.74056 3 0.0714479 0.0901715 68
4 -7.461 -1.8 0 -7.56493 -2.08202 2.74056 3 0.109458 0.0901715 29
4 -7.461 -1.8 0 -7.56493 -2.08202 2.74056 3 0.109458 0.0901715 21
4 -7.461 -1.8 0 -7.56493 -2.08202 2.74056 3 0.146908 0.0901715 29
4 -7.461 -1.8 0 -7.56493 -2.08202 2.74056 3 0.18439 0.0901715 33
4 -7.461 -1.8 0 -7.56493 -2.08202 2.74056 3 0.18439 0.0901715 26
4 -7.461 -1.8 0 -7.56493 -2.08202 2.74056 3 0.221902 0.0901715 23
4 -7.461 -1.8 0 -7.56493 -2.08202 2.74056 3 0.221902 0.0901715 20
4 -7.461 -1.8 0 -7.56493 -2.08202 2.74056 3 0.221902 0.0901715 31
4 -7.461 -1.8 0 -7.56493 -2.08202 2.74056 3 0.221902 0.0901715 46
4 -7.461 -1.8 0 -7.56493 -2.08202 2.74056 3 0.296647 0.0901715 24
4 -7.461 -1.8 0 -7.56493 -2.08202 2.74056 3 0.296647 0.0901715 20
4 -7.461 -1.8 0 -7.56493 -2.08202 2.74056 3 0.371952 0.0901715 30
5 -3.461 -0.8 180 -3.63707 -0.653311 179.56 3 -0.378951 0.0901455 24
5 -3.461 -0.8 180 -3.63707 -0.653311 179.56 3 -0.304019 0.0901455 27
5 -3.461 -0.8 180 -3.63707 -0.653311 179.56 3 -0.266787 0.0901455 36
5 -3.461 -0.8 180 -3.63707 -0.653311 179.56 3 -0.266787 0.0901455 24
5 -3.461 -0.8 180 -3.63707 -0.653311 179.56 3 -0.22943 0.0901455 23
5 -3.461 -0.8 180 -3.63707 -0.653311 179.56 3 -0.22943 0.0901455 41
5 -3.461 -0.8 180 -3.63707 -0.653311 179.56 3 -0.22943 0.0901455 27
5 -3.461 -0.8 180 -3.63707 -0.653311 179.56 3 -0.22943 0.0901455 31
5 -3.461 -0.8 180 -3.63707 -0.653311 179.56 3 -0.191699 0.0901455 33
5 -3.461 -0.8 180 -3.63707 -0.653311 179.56 3 -0.191699 0.0901455 33
5 -3.461 -0.8 180 -3.63707 -0.653311 179.56 3 -0.191699 0.0901455 21
5 -3.461 -0.8 180 -3.63707 -0.653311 179.56 3 -0.154031 0.0901455 20
5 -3.461 -0.8 180 -3.63707 -0.653311 179.56 3 -0.154031 0.0901455 25
5 -3.461 -0.8 180 -3.63707 -0.653311 179.56 3 -0.11627 0.0901455 26
5 -3.461 -0.8 180 -3.63707 -0.653311 179.56 3 -0.0413384 0.0901455 20
5 -3.461 -0.8 180 -3.63707 -0.653311 179.56 3 0.0339043 0.0901455 21
5 -3.461 -0.8 180 -3.63707 -0.653311 179.56 3 0.0339043 0.0901455 20
5 -3.461 -0.8 180 -3.63707 -0.653311 179.56 3 0.0716034 0.0901455 21
5 -3.461 -0.8 180 -3.63707 -0.653311 179.56 3 0.109147 0.0901455 28
5 -3.461 -0.8 180 -3.63707 -0.653311 179.56 3 0.109147 0.0901455 21
5 -3.461 -0.8 180 -3.63707 -0.653311 179.56 3 0.146971 0.0901455 21
5 -3.461 -0.8 180 -3.63707 -0.653311 179.56 3 0.334875 0.0901455 22
5 -3.461 -0.8 180 -3.63707 -0.653311 179.56 3 0.372792 0.0901455 20
5 -3.461 -0.8 180 -3.63707 -0.653311 179.56 3 0.372792 0.0901455 21
5 -3.461 -0.8 180 -3.63707 -0.653311 179.56 3 0.410273 0.0901455 21
5 -3.461 -0.8 180 -3.63707 -0.653311 179.56 3 0.485827 0.0901455 20
5 -3.461 -0.8 180 -3.63707 -0.653311 179.56 3 0.485827 0.0901455 21
6 0.539 -0.8 0 0.165002 -0.812073 -4.09649 3 -0.225977 0.0901455 22
6 0.539 -0.8 0 0.165002 -0.812073 -4.09649 3 -0.113377 0.0901455 20
6 0.539 -0.8 0 0.165002 -0.812073 -4.09649 3 -0.113377 0.0901455 21
6 0.539 -0.8 0 0.165002 -0.812073 -4.09649 3 -0.0758337 0.0901455 26
6 0.539 -0.8 0 0.165002 -0.812073 -4.09649 3 -0.0758337 0.0901455 24
6 0.539 -0.8 0 0.165002 -0.812073 -4.09649 3 -0.0758337 0.0901455 23
6 0.539 -0.8 0 0.165002 -0.812073 -4.09649 3 -0.0385078 0.0901455 23
6 0.539 -0.8 0 0.165002 -0.812073 -4.09649 3 -0.0385078 0.0901455 24
6 0.539 -0.8 0 0.165002 -0.812073 -4.09649 3 -0.0385078 0.0901455 22
6 0.539 -0.8 0 0.165002 -0.812073 -4.09649 3 -0.000746517 0.0901455 24
6 0.539 -0.8 0 0.165002 -0.812073 -4.09649 3 -0.000746517 0.0901455 26
6 0.539 -0.8 0 0.165002 -0.812073 -4.09649 3 -0.000746517 0.0901455 26
6 0.539 -0.8 0 0.165002 -0.812073 -4.09649 3 0.0370459 0.0901455 28
6 0.539 -0.8 0 0.165002 -0.812073 -4.09649 3 0.0370459 0.0901455 22
6 0.539 -0.8 0 0.165002 -0.812073 -4.09649 3 0.0745584 0.0901455 21
6 0.539 -0.8 0 0.165002 -0.812073 -4.09649 3 0.0745584 0.0901455 25
6 0.539 -0.8 0 0.165002 -0.812073 -4.09649 3 0.0745584 0.0901455 41
6 0.539 -0.8 0 0.165002 -0.812073 -4.09649 3 0.112569 0.0901455 34
6 0.539 -0.8 0 0.165002 -0.812073 -4.09649 3 0.112569 0.0901455 33
6 0.539 -0.8 0 0.165002 -0.812073 -4.09649 3 0.112569 0.0901455 27
6 0.539 -0.8 0 0.165002 -0.812073 -4.09649 3 0.150579 0.0901455 27
6 0.539 -0.8 0 0.165002 -0.812073 -4.09649 3 0.150579 0.0901455 39
6 0.539 -0.8 0 0.165002 -0.812073 -4.09649 3 0.150579 0.0901455 380
6 0.539 -0.8 0 0.165002 -0.812073 -4.09649 3 0.150579 0.0901455 792
6 0.539 -0.8 0 0.165002 -0.812073 -4.09649 3 0.188651 0.0901455 41
6 0.539 -0.8 0 0.165002 -0.812073 -4.09649 3 0.188651 0.0901455 30
6 0.539 -0.8 0 0.165002 -0.812073 -4.09649 3 0.188651 0.0901455 26
6 0.539 -0.8 0 0.165002 -0.812073 -4.09649 3 0.226879 0.0901455 37
6 0.539 -0.8 0 0.165002 -0.812073 -4.09649 3 0.226879 0.0901455 33
6 0.539 -0.8 0 0.165002 -0.812073 -4.09649 3 0.226879 0.0901455 23
6 0.539 -0.8 0 0.165002 -0.812073 -4.09649 3 0.226879 0.0901455 41
6 0.539 -0.8 0 0.165002 -0.812073 -4.09649 3 0.340287 0.0901455 31
6 0.539 -0.8 0 0.165002 -0.812073 -4.09649 3 0.340287 0.0901455 208
6 0.539 -0.8 0 0.165002 -0.812073 -4.09649 3 0.377738 0.0901455 4730
6 0.539 -0.8 0 0.165002 -0.812073 -4.09649 3 0.377738 0.0901455 748
6 0.539 -0.8 0 0.165002 -0.812073 -4.09649 3 0.530214 0.0901455 23
6 0.539 -0.8 0 0.165002 -0.812073 -4.09649 3 0.605799 0.0901455 27
6 0.539 -0.8 0 0.165002 -0.812073 -4.09649 3 0.751401 0.0901455 41
6 0.539 -0.8 0 0.165002 -0.812073 -4.09649 3 0.751401 0.0901455 22
6 0.539 -0.8 0 0.165002 -0.812073 -4.09649 3 0.771339 0.0901455 21
6 0.539 -0.8 0 0.165002 -0.812073 -4.09649 3 0.771339 0.0901455 23
6 0.539 -0.8 0 0.165002 -0.812073 -4.09649 3 0.771339 0.0901455 33
6 0.539 -0.8 0 0.165002 -0.812073 -4.09649 3 0.637774 0.0901455 22
6 0.539 -0.8 0 0.165002 -0.812073 -4.09649 3 0.410833 0.0901455 38
6 0.539 -0.8 0 0.165002 -0.812073 -4.09649 3 0.410833 0.0901455 2755
6 0.539 -0.8 0 0.165002 -0.812073 -4.09649 3 0.410833 0.0901455 2715
6 0.539 -0.8 0 0.165002 -0.812073 -4.09649 3 0.373259 0.0901455 69
6 0.539 -0.8 0 0.165002 -0.812073 -4.09649 3 0.373259 0.0901455 25
6 0.539 -0.8 0 0.165002 -0.812073 -4.09649 3 0.297891 0.0901455 25
6 0.539 -0.8 0 0.165002 -0.812073 -4.09649 3 0.259819 0.0901455 34
6 0.539 -0.8 0 0.165002 -0.812073 -4.09649 3 0.259819 0.0901455 31
6 0.539 -0.8 0 0.165002 -0.812073 -4.09649 3 0.259819 0.0901455 31
6 0.539 -0.8 0 0.165002 -0.812073 -4.09649 3 0.222275 0.0901455 33
6 0.539 -0.8 0 0.165002 -0.812073 -4.09649 3 0.222275 0.0901455 23
6 0.539 -0.8 0 0.165002 -0.812073 -4.09649 3 0.222275 0.0901455 28
6 0.539 -0.8 0 0.165002 -0.812073 -4.09649 3 0.222275 0.0901455 116
6 0.539 -0.8 0 0.165002 -0.812073 -4.09649 3 0.184887 0.0901455 981
6 0.539 -0.8 0 0.165002 -0.812073 -4.09649 3 0.184887 0.0901455 126
6 0.539 -0.8 0 0.165002 -0.812073 -4.09649 3 0.184887 0.0901455 39
6 0.539 -0.8 0 0.165002 -0.812073 -4.09649 3 0.184887 0.0901455 33
6 0.539 -0.8 0 0.165002 -0.812073 -4.09649 3 0.147437 0.0901455 24
6 0.539 -0.8 0 0.165002 -0.812073 -4.09649 3 0.147437 0.0901455 32
6 0.539 -0.8 0 0.165002 -0.812073 -4.09649 3 0.147437 0.0901455 28
6 0.539 -0.8 0 0.165002 -0.812073 -4.09649 3 0.147437 0.0901455 37
6 0.539 -0.8 0 0.165002 -0.812073 -4.09649 3 0.109645 0.0901455 40
6 0.539 -0.8 0 0.165002 -0.812073 -4.09649 3 0.109645 0.0901455 21
6 0.539 -0.8 0 0.165002 -0.812073 -4.09649 3 0.0721011 0.0901455 23
6 0.539 -0.8 0 0.165002 -0.812073 -4.09649 3 0.0721011 0.0901455 24
6 0.539 -0.8 0 0.165002 -0.812073 -4.09649 3 0.0721011 0.0901455 25
6 0.539 -0.8 0 0.165002 -0.812073 -4.09649 3 0.0344331 0.0901455 23
6 0.539 -0.8 0 0.165002 -0.812073 -4.09649 3 0.0344331 0.0901455 22
6 0.539 -0.8 0 0.165002 -0.812073 -4.09649 3 -0.00307938 0.0901455 22
6 0.539 -0.8 0 0.165002 -0.812073 -4.09649 3 -0.00307938 0.0901455 23
6 0.539 -0.8 0 0.165002 -0.812073 -4.09649 3 -0.00307938 0.0901455 25
6 0.539 -0.8 0 0.165002 -0.812073 -4.09649 3 -0.0407785 0.0901455 25
6 0.539 -0.8 0 0.165002 -0.812073 -4.09649 3 -0.0407785 0.0901455 22
6 0.539 -0.8 0 0.165002 -0.812073 -4.09649 3 -0.0407785 0.0901455 20
6 0.539 -0.8 0 0.165002 -0.812073 -4.09649 3 -0.078011 0.0901455 20
7 8.539 0.7 0 8.21193 0.702573 -3.18771 3 -0.304766 0.0901455 22
7 8.539 0.7 0 8.21193 0.702573 -3.18771 3 -0.192788 0.0901455 27
7 8.539 0.7 0 8.21193 0.702573 -3.18771 3 -0.192788 0.0901455 32
7 8.539 0.7 0 8.21193 0.702573 -3.18771 3 -0.155182 0.0901455 29
7 8.539 0.7 0 8.21193 0.702573 -3.18771 3 -0.155182 0.0901455 25
7 8.539 0.7 0 8.21193 0.702573 -3.18771 3 -0.155182 0.0901455 23
7 8.539 0.7 0 8.21193 0.702573 -3.18771 3 -0.155182 0.0901455 33
7 8.539 0.7 0 8.21193 0.702573 -3.18771 3 -0.11795 0.0901455 23
7 8.539 0.7 0 8.21193 0.702573 -3.18771 3 -0.11795 0.0901455 27
7 8.539 0.7 0 8.21193 0.702573 -3.18771 3 -0.11795 0.0901455 23
7 8.539 0.7 0 8.21193 0.702573 -3.18771 3 -0.0804372 0.0901455 22
7 8.539 0.7 0 8.21193 0.702573 -3.18771 3 -0.0804372 0.0901455 23
7 8.539 0.7 0 8.21193 0.702573 -3.18771 3 -0.0429869 0.0901455 35
7 8.539 0.7 0 8.21193 0.702573 -3.18771 3 -0.0429869 0.0901455 29
7 8.539 0.7 0 8.21193 0.702573 -3.18771 3 -0.0429869 0.0901455 35
7 8.539 0.7 0 8.21193 0.702573 -3.18771 3 -0.0429869 0.0901455 23
7 8.539 0.7 0 8.21193 0.702573 -3.18771 3 -0.00497678 0.0901455 21
7 8.539 0.7 0 8.21193 0.702573 -3.18771 3 0.0325979 0.0901455 20
7 8.539 0.7 0 8.21193 0.702573 -3.18771 3 0.0325979 0.0901455 21
7 8.539 0.7 0 8.21193 0.702573 -3.18771 3 0.0704525 0.0901455 20
7 8.539 0.7 0 8.21193 0.702573 -3.18771 3 0.0704525 0.0901455 24
7 8.539 0.7 0 8.21193 0.702573 -3.18771 3 0.0704525 0.0901455 21
7 8.539 0.7 0 8.21193 0.702573 -3.18771 3 0.0704525 0.0901455 27
7 8.539 0.7 0 8.21193 0.702573 -3.18771 3 0.108121 0.0901455 20
7 8.539 0.7 0 8.21193 0.702573 -3.18771 3 0.108121 0.0901455 35
7 8.539 0.7 0 8.21193 0.702573 -3.18771 3 0.108121 0.0901455 288
7 8.539 0.7 0 8.21193 0.702573 -3.18771 3 0.108121 0.0901455 8827
7 8.539 0.7 0 8.21193 0.702573 -3.18771 3 0.14582 0.0901455 2894
7 8.539 0.7 0 8.21193 0.702573 -3.18771 3 0.14582 0.0901455 22
7 8.539 0.7 0 8.21193 0.702573 -3.18771 3 0.14582 0.0901455 22
7 8.539 0.7 0 8.21193 0.702573 -3.18771 3 0.524148 0.0901455 27
7 8.539 0.7 0 8.21193 0.702573 -3.18771 3 0.191886 0.0901455 20
7 8.539 0.7 0 8.21193 0.702573 -3.18771 3 0.15428 0.0901455 1067
7 8.539 0.7 0 8.21193 0.702573 -3.18771 3 0.15428 0.0901455 9077
7 8.539 0.7 0 8.21193 0.702573 -3.18771 3 0.15428 0.0901455 1597
7 8.539 0.7 0 8.21193 0.702573 -3.18771 3 0.15428 0.0901455 42
7 8.539 0.7 0 8.21193 0.702573 -3.18771 3 0.11655 0.0901455 28
7 8.539 0.7 0 8.21193 0.702573 -3.18771 3 0.11655 0.0901455 27
7 8.539 0.7 0 8.21193 0.702573 -3.18771 3 0.11655 0.0901455 27
7 8.539 0.7 0 8.21193 0.702573 -3.18771 3 0.0790064 0.0901455 26
7 8.539 0.7 0 8.21193 0.702573 -3.18771 3 0.0790064 0.0901455 27
7 8.539 0.7 0 8.21193 0.702573 -3.18771 3 0.0790064 0.0901455 22
7 8.539 0.7 0 8.21193 0.702573 -3.18771 3 0.0412762 0.0901455 22
7 8.539 0.7 0 8.21193 0.702573 -3.18771 3 0.0412762 0.0901455 22
7 8.539 0.7 0 8.21193 0.702573 -3.18771 3 0.0412762 0.0901455 32
7 8.539 0.7 0 8.21193 0.702573 -3.18771 3 0.0412762 0.0901455 20
7 8.539 0.7 0 8.21193 0.702573 -3.18771 3 0.0038259 0.0901455 33
7 8.539 0.7 0 8.21193 0.702573 -3.18771 3 0.0038259 0.0901455 27
7 8.539 0.7 0 8.21193 0.702573 -3.18771 3 -0.0339043 0.0901455 22
7 8.539 0.7 0 8.21193 0.702573 -3.18771 3 -0.108805 0.0901455 25
7 8.539 0.7 0 8.21193 0.702573 -3.18771 3 -0.108805 0.0901455 32
7 8.539 0.7 0 8.21193 0.702573 -3.18771 3 -0.108805 0.0901455 25
7 8.539 0.7 0 8.21193 0.702573 -3.18771 3 -0.108805 0.0901455 22
7 8.539 0.7 0 8.21193 0.702573 -3.18771 3 -0.146224 0.0901455 26
7 8.539 0.7 0 8.21193 0.702573 -3.18771 3 -0.146224 0.0901455 27
7 8.539 0.7 0 8.21193 0.702573 -3.18771 3 -0.146224 0.0901455 25
7 8.539 0.7 0 8.21193 0.702573 -3.18771 3 -0.332947 0.0901455 20
8 17.039 1.2 0 16.68 1.14687 -0.280645 3 -0.151792 0.0901455 24
8 17.039 1.2 0 16.68 1.14687 -0.280645 3 -0.151792 0.0901455 24
8 17.039 1.2 0 16.68 1.14687 -0.280645 3 -0.151792 0.0901455 20
8 17.039 1.2 0 16.68 1.14687 -0.280645 3 0.412264 0.0901455 46
8 17.039 1.2 0 16.68 1.14687 -0.280645 3 0.412264 0.0901455 1121
8 17.039 1.2 0 16.68 1.14687 -0.280645 3 0.449745 0.0901455 8331
8 17.039 1.2 0 16.68 1.14687 -0.280645 3 0.449745 0.0901455 7485
8 17.039 1.2 0 16.68 1.14687 -0.280645 3 0.449745 0.0901455 9237
8 17.039 1.2 0 16.68 1.14687 -0.280645 3 0.449745 0.0901455 6966
8 17.039 1.2 0 16.68 1.14687 -0.280645 3 0.487289 0.0901455 4287
8 17.039 1.2 0 16.68 1.14687 -0.280645 3 0.487289 0.0901455 84
8 17.039 1.2 0 16.68 1.14687 -0.280645 3 0.487289 0.0901455 35
8 17.039 1.2 0 16.68 1.14687 -0.280645 3 0.783781 0.0901455 24
8 17.039 1.2 0 16.68 1.14687 -0.280645 3 0.783781 0.0901455 24
8 17.039 1.2 0 16.68 1.14687 -0.280645 3 0.785398 0.0901455 23
8 17.039 1.2 0 16.68 1.14687 -0.280645 3 0.785398 0.0901455 23
8 17.039 1.2 0 16.68 1.14687 -0.280645 3 0.785398 0.0901455 22
8 17.039 1.2 0 16.68 1.14687 -0.280645 3 0.785398 0.0901455 21
8 17.039 1.2 0 16.68 1.14687 -0.280645 3 0.785398 0.0901455 21
8 17.039 1.2 0 16.68 1.14687 -0.280645 3 0.785398 0.0901455 20
8 17.039 1.2 0 16.68 1.14687 -0.280645 3 0.524211 0.0901455 28
8 17.039 1.2 0 16.68 1.14687 -0.280645 3 0.524211 0.0901455 28
8 17.039 1.2 0 16.68 1.14687 -0.280645 3 0.524211 0.0901455 648
8 17.039 1.2 0 16.68 1.14687 -0.280645 3 0.486698 0.0901455 7614
8 17.039 1.2 0 16.68 1.14687 -0.280645 3 0.486698 0.0901455 7194
8 17.039 1.2 0 16.68 1.14687 -0.280645 3 0.486698 0.0901455 9392
8 17.039 1.2 0 16.68 1.14687 -0.280645 3 0.486698 0.0901455 6557
8 17.039 1.2 0 16.68 1.14687 -0.280645 3 0.44903 0.0901455 5861
8 17.039 1.2 0 16.68 1.14687 -0.280645 3 0.44903 0.0901455 177
8 17.039 1.2 0 16.68 1.14687 -0.280645 3 0.44903 0.0901455 22
8 17.039 1.2 0 16.68 1.14687 -0.280645 3 0.261188 0.0901455 21
8 17.039 1.2 0 16.68 1.14687 -0.280645 3 -0.11739 0.0901455 31
10 -14.961 -0.8 180 -14.588 -0.873073 173.574 3 -0.528752 0.0901455 25
10 -14.961 -0.8 180 -14.588 -0.873073 173.574 3 -0.341843 0.0901455 22
10 -14.961 -0.8 180 -14.588 -0.873073 173.574 3 -0.341843 0.0901455 33
10 -14.961 -0.8 180 -14.588 -0.873073 173.574 3 -0.229056 0.0901455 26
10 -14.961 -0.8 180 -14.588 -0.873073 173.574 3 -0.229056 0.0901455 26
10 -14.961 -0.8 180 -14.588 -0.873073 173.574 3 -0.191637 0.0901455 22
10 -14.961 -0.8 180 -14.588 -0.873073 173.574 3 -0.0790064 0.0901455 22
10 -14.961 -0.8 180 -14.588 -0.873073 173.574 3 -0.0417427 0.0901455 24
10 -14.961 -0.8 180 -14.588 -0.873073 173.574 3 -0.0417427 0.0901455 24
10 -14.961 -0.8 180 -14.588 -0.873073 173.574 3 -0.00423026 0.0901455 25
10 -14.961 -0.8 180 -14.588 -0.873073 173.574 3 -0.00423026 0.0901455 21
10 -14.961 -0.8 180 -14.588 -0.873073 173.574 3 -0.00423026 0.0901455 22
10 -14.961 -0.8 180 -14.588 -0.873073 173.574 3 -0.00423026 0.0901455 23
10 -14.961 -0.8 180 -14.588 -0.873073 173.574 3 0.0341843 0.0901455 31
10 -14.961 -0.8 180 -14.588 -0.873073 173.574 3 0.0341843 0.0901455 26
10 -14.961 -0.8 180 -14.588 -0.873073 173.574 3 0.0341843 0.0901455 34
10 -14.961 -0.8 180 -14.588 -0.873073 173.574 3 0.0341843 0.0901455 27
10 -14.961 -0.8 180 -14.588 -0.873073 173.574 3 0.0721322 0.0901455 26
10 -14.961 -0.8 180 -14.588 -0.873073 173.574 3 0.0721322 0.0901455 24
10 -14.961 -0.8 180 -14.588 -0.873073 173.574 3 0.0721322 0.0901455 23
10 -14.961 -0.8 180 -14.588 -0.873073 173.574 3 0.109645 0.0901455 32
10 -14.961 -0.8 180 -14.588 -0.873073 173.574 3 0.109645 0.0901455 29
10 -14.961 -0.8 180 -14.588 -0.873073 173.574 3 0.109645 0.0901455 28
10 -14.961 -0.8 180 -14.588 -0.873073 173.574 3 0.147157 0.0901455 21
10 -14.961 -0.8 180 -14.588 -0.873073 173.574 3 0.147157 0.0901455 22
10 -14.961 -0.8 180 -14.588 -0.873073 173.574 3 0.184794 0.0901455 23
10 -14.961 -0.8 180 -14.588 -0.873073 173.574 3 0.222431 0.0901455 24
10 -14.961 -0.8 180 -14.588 -0.873073 173.574 3 0.222431 0.0901455 27
10 -14.961 -0.8 180 -14.588 -0.873073 173.574 3 0.260099 0.0901455 20
10 -14.961 -0.8 180 -14.588 -0.873073 173.574 3 0.260099 0.0901455 21
10 -14.961 -0.8 180 -14.588 -0.873073 173.574 3 0.297549 0.0901455 24
10 -14.961 -0.8 180 -14.588 -0.873073 173.574 3 0.297549 0.0901455 30
10 -14.961 -0.8 180 -14.588 -0.873073 173.574 3 0.334937 0.0901455 29
10 -14.961 -0.8 180 -14.588 -0.873073 173.574 3 0.334937 0.0901455 34
10 -14.961 -0.8 180 -14.588 -0.873073 173.574 3 0.334937 0.0901455 36
10 -14.961 -0.8 180 -14.588 -0.873073 173.574 3 0.334937 0.0901455 25
10 -14.961 -0.8 180 -14.588 -0.873073 173.574 3 0.373041 0.0901455 20
10 -14.961 -0.8 180 -14.588 -0.873073 173.574 3 0.373041 0.0901455 21
10 -14.961 -0.8 180 -14.588 -0.873073 173.574 3 0.373041 0.0901455 20
10 -14.961 -0.8 180 -14.588 -0.873073 173.574 3 0.410584 0.0901455 20
11 -19.461 -1.3 -90 -19.1828 -1.30105 -90.6501 3 -0.567011 0.0901455 21
11 -19.461 -1.3 -90 -19.1828 -1.30105 -90.6501 3 -0.567011 0.0901455 20
11 -19.461 -1.3 -90 -19.1828 -1.30105 -90.6501 3 -0.453198 0.0901455 24
11 -19.461 -1.3 -90 -19.1828 -1.30105 -90.6501 3 -0.303304 0.0901455 21
11 -19.461 -1.3 -90 -19.1828 -1.30105 -90.6501 3 -0.189615 0.0901455 20
11 -19.461 -1.3 -90 -19.1828 -1.30105 -90.6501 3 -0.264267 0.0901455 30
11 -19.461 -1.3 -90 -19.1828 -1.30105 -90.6501 3 -0.376867 0.0901455 21
11 -19.461 -1.3 -90 -19.1828 -1.30105 -90.6501 3 -0.414099 0.0901455 27
11 -19.461 -1.3 -90 -19.1828 -1.30105 -90.6501 3 -0.488627 0.0901455 23
11 -19.461 -1.3 -90 -19.1828 -1.30105 -90.6501 3 -0.526201 0.0901455 23
12 -19.461 -1.3 0 -19.2655 -1.30734 -3.76505 3 -0.303086 0.0901455 26
12 -19.461 -1.3 0 -19.2655 -1.30734 -3.76505 3 -0.303086 0.0901455 30
12 -19.461 -1.3 0 -19.2655 -1.30734 -3.76505 3 -0.303086 0.0901455 21
12 -19.461 -1.3 0 -19.2655 -1.30734 -3.76505 3 -0.265729 0.0901455 25
12 -19.461 -1.3 0 -19.2655 -1.30734 -3.76505 3 -0.265729 0.0901455 25
12 -19.461 -1.3 0 -19.2655 -1.30734 -3.76505 3 -0.265729 0.0901455 25
12 -19.461 -1.3 0 -19.2655 -1.30734 -3.76505 3 -0.265729 0.0901455 30
12 -19.461 -1.3 0 -19.2655 -1.30734 -3.76505 3 -0.189802 0.0901455 21
12 -19.461 -1.3 0 -19.2655 -1.30734 -3.76505 3 0.0346508 0.0901455 23
12 -19.461 -1.3 0 -19.2655 -1.30734 -3.76505 3 0.0346508 0.0901455 27
12 -19.461 -1.3 0 -19.2655 -1.30734 -3.76505 3 0.0723188 0.0901455 34
12 -19.461 -1.3 0 -19.2655 -1.30734 -3.76505 3 0.0723188 0.0901455 36
12 -19.461 -1.3 0 -19.2655 -1.30734 -3.76505 3 0.0723188 0.0901455 34
12 -19.461 -1.3 0 -19.2655 -1.30734 -3.76505 3 0.0723188 0.0901455 37
12 -19.461 -1.3 0 -19.2655 -1.30734 -3.76505 3 0.110018 0.0901455 28
12 -19.461 -1.3 0 -19.2655 -1.30734 -3.76505 3 0.110018 0.0901455 34
12 -19.461 -1.3 0 -19.2655 -1.30734 -3.76505 3 0.110018 0.0901455 28
12 -19.461 -1.3 0 -19.2655 -1.30734 -3.76505 3 0.110018 0.0901455 32
12 -19.461 -1.3 0 -19.2655 -1.30734 -3.76505 3 0.147624 0.0901455 22
12 -19.461 -1.3 0 -19.2655 -1.30734 -3.76505 3 0.147624 0.0901455 24
12 -19.461 -1.3 0 -19.2655 -1.30734 -3.76505 3 0.185603 0.0901455 22
12 -19.461 -1.3 0 -19.2655 -1.30734 -3.76505 3 0.185603 0.0901455 23
12 -19.461 -1.3 0 -19.2655 -1.30734 -3.76505 3 0.185603 0.0901455 28
12 -19.461 -1.3 0 -19.2655 -1.30734 -3.76505 3 0.223146 0.0901455 25
12 -19.461 -1.3 0 -19.2655 -1.30734 -3.76505 3 0.260752 0.0901455 23
12 -19.461 -1.3 0 -19.2655 -1.30734 -3.76505 3 0.298762 0.0901455 20
12 -19.461 -1.3 0 -19.2655 -1.30734 -3.76505 3 0.298762 0.0901455 23
12 -19.461 -1.3 0 -19.2655 -1.30734 -3.76505 3 0.337239 0.0901455 30
12 -19.461 -1.3 0 -19.2655 -1.30734 -3.76505 3 0.337239 0.0901455 24
12 -19.461 -1.3 0 -19.2655 -1.30734 -3.76505 3 0.412388 0.0901455 23
12 -19.461 -1.3 0 -19.2655 -1.30734 -3.76505 3 0.450181 0.0901455 20
12 -19.461 -1.3 0 -19.2655 -1.30734 -3.76505 3 0.450181 0.0901455 24
12 -19.461 -1.3 0 -19.2655 -1.30734 -3.76505 3 0.676282 0.0901455 28
12 -19.461 -1.3 0 -19.2655 -1.30734 -3.76505 3 0.748632 0.0901455 25
12 -19.461 -1.3 0 -19.2655 -1.30734 -3.76505 3 0.77137 0.0901455 31
13 -20.461 -1.8 180 -20.0813 -1.90089 177.194 3 -0.377862 0.0901455 24
13 -20.461 -1.8 180 -20.0813 -1.90089 177.194 3 -0.302028 0.0901455 20
13 -20.461 -1.8 180 -20.0813 -1.90089 177.194 3 -0.264454 0.0901455 20
13 -20.461 -1.8 180 -20.0813 -1.90089 177.194 3 -0.264454 0.0901455 24
13 -20.461 -1.8 180 -20.0813 -1.90089 177.194 3 -0.264454 0.0901455 23
13 -20.461 -1.8 180 -20.0813 -1.90089 177.194 3 -0.226755 0.0901455 24
13 -20.461 -1.8 180 -20.0813 -1.90089 177.194 3 -0.152352 0.0901455 21
13 -20.461 -1.8 180 -20.0813 -1.90089 177.194 3 -0.152352 0.0901455 24
13 -20.461 -1.8 180 -20.0813 -1.90089 177.194 3 -0.114715 0.0901455 20
13 -20.461 -1.8 180 -20.0813 -1.90089 177.194 3 -0.00208403 0.0901455 22
13 -20.461 -1.8 180 -20.0813 -1.90089 177.194 3 -0.00208403 0.0901455 21
13 -20.461 -1.8 180 -20.0813 -1.90089 177.194 3 0.035304 0.0901455 23
13 -20.461 -1.8 180 -20.0813 -1.90089 177.194 3 0.035304 0.0901455 21
13 -20.461 -1.8 180 -20.0813 -1.90089 177.194 3 0.223893 0.0901455 20
13 -20.461 -1.8 180 -20.0813 -1.90089 177.194 3 0.223893 0.0901455 21
13 -20.461 -1.8 180 -20.0813 -1.90089 177.194 3 0.449559 0.0901455 25
13 -20.461 -1.8 180 -20.0813 -1.90089 177.194 3 0.449559 0.0901455 29
13 -20.461 -1.8 180 -20.0813 -1.90089 177.194 3 0.449559 0.0901455 25
13 -20.461 -1.8 180 -20.0813 -1.90089 177.194 3 0.487507 0.0901455 21
13 -20.461 -1.8 180 -20.0813 -1.90089 177.194 3 0.487507 0.0901455 24
13 -20.461 -1.8 180 -20.0813 -1.90089 177.194 3 0.525299 0.0901455 22
13 -20.461 -1.8 180 -20.0813 -1.90089 177.194 3 0.525299 0.0901455 24
13 -20.461 -1.8 180 -20.0813 -1.90089 177.194 3 0.525299 0.0901455 22
13 -20.461 -1.8 180 -20.0813 -1.90089 177.194 3 0.562967 0.0901455 23
13 -20.461 -1.8 180 -20.0813 -1.90089 177.194 3 0.562967 0.0901455 24
13 -20.461 -1.8 180 -20.0813 -1.90089 177.194 3 0.562967 0.0901455 21
14 -27.961 -2.3 -90 -27.4805 -2.32411 -94.2044 3 0.0347753 0.0901455 25
14 -27.961 -2.3 -90 -27.4805 -2.32411 -94.2044 3 0.0347753 0.0901455 155
14 -27.961 -2.3 -90 -27.4805 -2.32411 -94.2044 3 0.0347753 0.0901455 239
14 -27.961 -2.3 -90 -27.4805 -2.32411 -94.2044 3 0.0723811 0.0901455 70
14 -27.961 -2.3 -90 -27.4805 -2.32411 -94.2044 3 0.0723811 0.0901455 53
14 -27.961 -2.3 -90 -27.4805 -2.32411 -94.2044 3 0.0723811 0.0901455 23
14 -27.961 -2.3 -90 -27.4805 -2.32411 -94.2044 3 0.1098 0.0901455 22
14 -27.961 -2.3 -90 -27.4805 -2.32411 -94.2044 3 0.1098 0.0901455 28
14 -27.961 -2.3 -90 -27.4805 -2.32411 -94.2044 3 0.147219 0.0901455 22
14 -27.961 -2.3 -90 -27.4805 -2.32411 -94.2044 3 0.147219 0.0901455 24
14 -27.961 -2.3 -90 -27.4805 -2.32411 -94.2044 3 0.147219 0.0901455 22
14 -27.961 -2.3 -90 -27.4805 -2.32411 -94.2044 3 0.184514 0.0901455 20
14 -27.961 -2.3 -90 -27.4805 -2.32411 -94.2044 3 0.184514 0.0901455 34
14 -27.961 -2.3 -90 -27.4805 -2.32411 -94.2044 3 0.221964 0.0901455 41
14 -27.961 -2.3 -90 -27.4805 -2.32411 -94.2044 3 0.221964 0.0901455 61
14 -27.961 -2.3 -90 -27.4805 -2.32411 -94.2044 3 0.259943 0.0901455 25
14 -27.961 -2.3 -90 -27.4805 -2.32411 -94.2044 3 0.259943 0.0901455 24
14 -27.961 -2.3 -90 -27.4805 -2.32411 -94.2044 3 0.297425 0.0901455 25
14 -27.961 -2.3 -90 -27.4805 -2.32411 -94.2044 3 0.297425 0.0901455 30
14 -27.961 -2.3 -90 -27.4805 -2.32411 -94.2044 3 0.297425 0.0901455 25
14 -27.961 -2.3 -90 -27.4805 -2.32411 -94.2044 3 0.335155 0.0901455 21
14 -27.961 -2.3 -90 -27.4805 -2.32411 -94.2044 3 0.335155 0.0901455 23
15 -28.961 -4.8 0 -29.0986 -4.96745 -3.33326 3 0.186412 0.0901455 21
15 -28.961 -4.8 0 -29.0986 -4.96745 -3.33326 3 0.223893 0.0901455 25
15 -28.961 -4.8 0 -29.0986 -4.96745 -3.33326 3 0.223893 0.0901455 33
15 -28.961 -4.8 0 -29.0986 -4.96745 -3.33326 3 0.223893 0.0901455 26
15 -28.961 -4.8 0 -29.0986 -4.96745 -3.33326 3 0.261405 0.0901455 30
15 -28.961 -4.8 0 -29.0986 -4.96745 -3.33326 3 0.599889 0.0901455 29
15 -28.961 -4.8 0 -29.0986 -4.96745 -3.33326 3 0.599889 0.0901455 33
15 -28.961 -4.8 0 -29.0986 -4.96745 -3.33326 3 0.599889 0.0901455 20
15 -28.961 -4.8 0 -29.0986 -4.96745 -3.33326 3 0.599889 0.0901455 25
15 -28.961 -4.8 0 -29.0986 -4.96745 -3.33326 3 0.637215 0.0901455 28
15 -28.961 -4.8 0 -29.0986 -4.96745 -3.33326 3 0.770841 0.0901455 46
15 -28.961 -4.8 0 -29.0986 -4.96745 -3.33326 3 0.770841 0.0901455 47
15 -28.961 -4.8 0 -29.0986 -4.96745 -3.33326 3 0.770841 0.0901455 36
15 -28.961 -4.8 0 -29.0986 -4.96745 -3.33326 3 0.770841 0.0901455 29
15 -28.961 -4.8 0 -29.0986 -4.96745 -3.33326 3 0.783314 0.0901455 26
15 -28.961 -4.8 0 -29.0986 -4.96745 -3.33326 3 0.783314 0.0901455 23
15 -28.961 -4.8 0 -29.0986 -4.96745 -3.33326 3 0.783314 0.0901455 20
15 -28.961 -4.8 0 -29.0986 -4.96745 -3.33326 3 0.783314 0.0901455 20
15 -28.961 -4.8 0 -29.0986 -4.96745 -3.33326 3 0.785398 0.0901455 21
15 -28.961 -4.8 0 -29.0986 -4.96745 -3.33326 3 0.785398 0.0901455 24
15 -28.961 -4.8 0 -29.0986 -4.96745 -3.33326 3 0.783532 0.0901455 24
15 -28.961 -4.8 0 -29.0986 -4.96745 -3.33326 3 0.783532 0.0901455 27
15 -28.961 -4.8 0 -29.0986 -4.96745 -3.33326 3 0.783532 0.0901455 41
15 -28.961 -4.8 0 -29.0986 -4.96745 -3.33326 3 0.783532 0.0901455 52
15 -28.961 -4.8 0 -29.0986 -4.96745 -3.33326 3 0.771277 0.0901455 41
16 -25.961 -10.3 -90 -25.9113 -9.90366 -101.061 3 -0.492452 0.0901455 23
16 -25.961 -10.3 -90 -25.9113 -9.90366 -101.061 3 -0.230363 0.0901455 27
16 -25.961 -10.3 -90 -25.9113 -9.90366 -101.061 3 0.0331889 0.0901455 42
16 -25.961 -10.3 -90 -25.9113 -9.90366 -101.061 3 0.0331889 0.0901455 29
16 -25.961 -10.3 -90 -25.9113 -9.90366 -101.061 3 0.0709813 0.0901455 86
16 -25.961 -10.3 -90 -25.9113 -9.90366 -101.061 3 0.108743 0.0901455 84
16 -25.961 -10.3 -90 -25.9113 -9.90366 -101.061 3 0.108743 0.0901455 32
16 -25.961 -10.3 -90 -25.9113 -9.90366 -101.061 3 0.108743 0.0901455 91
16 -25.961 -10.3 -90 -25.9113 -9.90366 -101.061 3 0.146286 0.0901455 110
16 -25.961 -10.3 -90 -25.9113 -9.90366 -101.061 3 0.146286 0.0901455 27
16 -25.961 -10.3 -90 -25.9113 -9.90366 -101.061 3 0.184079 0.0901455 39
16 -25.961 -10.3 -90 -25.9113 -9.90366 -101.061 3 0.184079 0.0901455 63
16 -25.961 -10.3 -90 -25.9113 -9.90366 -101.061 3 0.184079 0.0901455 26
16 -25.961 -10.3 -90 -25.9113 -9.90366 -101.061 3 0.221591 0.0901455 48
16 -25.961 -10.3 -90 -25.9113 -9.90366 -101.061 3 0.259166 0.0901455 20
16 -25.961 -10.3 -90 -25.9113 -9.90366 -101.061 3 0.259166 0.0901455 29
16 -25.961 -10.3 -90 -25.9113 -9.90366 -101.061 3 0.259166 0.0901455 25
16 -25.961 -10.3 -90 -25.9113 -9.90366 -101.061 3 0.296865 0.0901455 47
16 -25.961 -10.3 -90 -25.9113 -9.90366 -101.061 3 0.296865 0.0901455 52
16 -25.961 -10.3 -90 -25.9113 -9.90366 -101.061 3 0.296865 0.0901455 26
16 -25.961 -10.3 -90 -25.9113 -9.90366 -101.061 3 0.334377 0.0901455 23
16 -25.961 -10.3 -90 -25.9113 -9.90366 -101.061 3 0.334377 0.0901455 32
16 -25.961 -10.3 -90 -25.9113 -9.90366 -101.061 3 0.409993 0.0901455 26
16 -25.961 -10.3 -90 -25.9113 -9.90366 -101.061 3 0.409993 0.0901455 25
16 -25.961 -10.3 -90 -25.9113 -9.90366 -101.061 3 0.447475 0.0901455 55
0 -9.461 -13.3 90 -9.47309 -13.0196 86.1852 3 -0.376525 0.0901455 23
0 -9.461 -13.3 90 -9.47309 -13.0196 86.1852 3 -0.376525 0.0901455 20
0 -9.461 -13.3 90 -9.47309 -13.0196 86.1852 3 -0.339043 0.0901455 26
0 -9.461 -13.3 90 -9.47309 -13.0196 86.1852 3 -0.300629 0.0901455 21
0 -9.461 -13.3 90 -9.47309 -13.0196 86.1852 3 -0.300629 0.0901455 22
0 -9.461 -13.3 90 -9.47309 -13.0196 86.1852 3 -0.263147 0.0901455 23
0 -9.461 -13.3 90 -9.47309 -13.0196 86.1852 3 -0.263147 0.0901455 27
0 -9.461 -13.3 90 -9.47309 -13.0196 86.1852 3 -0.263147 0.0901455 24
0 -9.461 -13.3 90 -9.47309 -13.0196 86.1852 3 -0.225915 0.0901455 24
0 -9.461 -13.3 90 -9.47309 -13.0196 86.1852 3 -0.225915 0.0901455 29
0 -9.461 -13.3 90 -9.47309 -13.0196 86.1852 3 -0.225915 0.0901455 26
0 -9.461 -13.3 90 -9.47309 -13.0196 86.1852 3 -0.188744 0.0901455 22
0 -9.461 -13.3 90 -9.47309 -13.0196 86.1852 3 -0.188744 0.0901455 30
0 -9.461 -13.3 90 -9.47309 -13.0196 86.1852 3 -0.188744 0.0901455 26
0 -9.461 -13.3 90 -9.47309 -13.0196 86.1852 3 -0.151387 0.0901455 34
0 -9.461 -13.3 90 -9.47309 -13.0196 86.1852 3 -0.151387 0.0901455 33
0 -9.461 -13.3 90 -9.47309 -13.0196 86.1852 3 -0.151387 0.0901455 26
0 -9.461 -13.3 90 -9.47309 -13.0196 86.1852 3 -0.151387 0.0901455 32
0 -9.461 -13.3 90 -9.47309 -13.0196 86.1852 3 -0.114217 0.0901455 20
0 -9.461 -13.3 90 -9.47309 -13.0196 86.1852 3 -0.114217 0.0901455 20
0 -9.461 -13.3 90 -9.47309 -13.0196 86.1852 3 -0.114217 0.0901455 27
0 -9.461 -13.3 90 -9.47309 -13.0196 86.1852 3 -0.0769224 0.0901455 24
0 -9.461 -13.3 90 -9.47309 -13.0196 86.1852 3 -0.0769224 0.0901455 20
0 -9.461 -13.3 90 -9.47309 -13.0196 86.1852 3 -0.00208403 0.0901455 21
0 -9.461 -13.3 90 -9.47309 -13.0196 86.1852 3 0.186256 0.0901455 20
0 -9.461 -13.3 90 -9.47309 -13.0196 86.1852 3 0.0355529 0.0901455 20
0 -9.461 -13.3 90 -9.47309 -13.0196 86.1852 3 -0.0397831 0.0901455 21
0 -9.461 -13.3 90 -9.47309 -13.0196 86.1852 3 -0.0397831 0.0901455 20
0 -9.461 -13.3 90 -9.47309 -13.0196 86.1852 3 -0.0772956 0.0901455 25
0 -9.461 -13.3 90 -9.47309 -13.0196 86.1852 3 -0.0772956 0.0901455 21
0 -9.461 -13.3 90 -9.47309 -13.0196 86.1852 3 -0.115088 0.0901455 37
0 -9.461 -13.3 90 -9.47309 -13.0196 86.1852 3 -0.115088 0.0901455 22
0 -9.461 -13.3 90 -9.47309 -13.0196 86.1852 3 -0.115088 0.0901455 30
0 -9.461 -13.3 90 -9.47309 -13.0196 86.1852 3 -0.152414 0.0901455 21
0 -9.461 -13.3 90 -9.47309 -13.0196 86.1852 3 -0.152414 0.0901455 25
0 -9.461 -13.3 90 -9.47309 -13.0196 86.1852 3 -0.152414 0.0901455 27
0 -9.461 -13.3 90 -9.47309 -13.0196 86.1852 3 -0.152414 0.0901455 26
0 -9.461 -13.3 90 -9.47309 -13.0196 86.1852 3 -0.189709 0.0901455 26
0 -9.461 -13.3 90 -9.47309 -13.0196 86.1852 3 -0.226972 0.0901455 21
0 -9.461 -13.3 90 -9.47309 -13.0196 86.1852 3 -0.226972 0.0901455 23
0 -9.461 -13.3 90 -9.47309 -13.0196 86.1852 3 -0.264329 0.0901455 23
0 -9.461 -13.3 90 -9.47309 -13.0196 86.1852 3 -0.264329 0.0901455 22
0 -9.461 -13.3 90 -9.47309 -13.0196 86.1852 3 -0.264329 0.0901455 20
0 -9.461 -13.3 90 -9.47309 -13.0196 86.1852 3 -0.339261 0.0901455 22
0 -9.461 -13.3 90 -9.47309 -13.0196 86.1852 3 -0.339261 0.0901455 21
0 -9.461 -13.3 90 -9.47309 -13.0196 86.1852 3 -0.526139 0.0901455 21
0 -9.461 -13.3 90 -9.47309 -13.0196 86.1852 3 -0.5639 0.0901455 22
0 -9.461 -13.3 90 -9.47309 -13.0196 86.1852 3 -0.375996 0.0901455 20
0 -9.461 -13.3 90 -9.47309 -13.0196 86.1852 3 -0.301157 0.0901455 20
0 -9.461 -13.3 90 -9.47309 -13.0196 86.1852 3 -0.263863 0.0901455 27
0 -9.461 -13.3 90 -9.47309 -13.0196 86.1852 3 -0.263863 0.0901455 20
0 -9.461 -13.3 90 -9.47309 -13.0196 86.1852 3 -0.263863 0.0901455 24
0 -9.461 -13.3 90 -9.47309 -13.0196 86.1852 3 -0.226164 0.0901455 25
0 -9.461 -13.3 90 -9.47309 -13.0196 86.1852 3 -0.226164 0.0901455 27
0 -9.461 -13.3 90 -9.47309 -13.0196 86.1852 3 -0.226164 0.0901455 22
0 -9.461 -13.3 90 -9.47309 -13.0196 86.1852 3 -0.188869 0.0901455 24
0 -9.461 -13.3 90 -9.47309 -13.0196 86.1852 3 -0.188869 0.0901455 29
0 -9.461 -13.3 90 -9.47309 -13.0196 86.1852 3 -0.188869 0.0901455 29
0 -9.461 -13.3 90 -9.47309 -13.0196 86.1852 3 -0.188869 0.0901455 23
0 -9.461 -13.3 90 -9.47309 -13.0196 86.1852 3 -0.151014 0.0901455 29
0 -9.461 -13.3 90 -9.47309 -13.0196 86.1852 3 -0.151014 0.0901455 21
0 -9.461 -13.3 90 -9.47309 -13.0196 86.1852 3 -0.151014 0.0901455 32
0 -9.461 -13.3 90 -9.47309 -13.0196 86.1852 3 -0.112786 0.0901455 23
0 -9.461 -13.3 90 -9.47309 -13.0196 86.1852 3 -0.112786 0.0901455 26
0 -9.461 -13.3 90 -9.47309 -13.0196 86.1852 3 -0.0755226 0.0901455 25
0 -9.461 -13.3 90 -9.47309 -13.0196 86.1852 3 -0.0755226 0.0901455 20
0 -9.461 -13.3 90 -9.47309 -13.0196 86.1852 3 -0.000404363 0.0901455 20
1 -8.461 -9.8 -90 -8.59523 -10.2335 -85.7643 3 -0.52869 0.0901455 22
1 -8.461 -9.8 -90 -8.59523 -10.2335 -85.7643 3 -0.490617 0.0901455 24
1 -8.461 -9.8 -90 -8.59523 -10.2335 -85.7643 3 -0.490617 0.0901455 41
1 -8.461 -9.8 -90 -8.59523 -10.2335 -85.7643 3 -0.453011 0.0901455 168
1 -8.461 -9.8 -90 -8.59523 -10.2335 -85.7643 3 -0.453011 0.0901455 108
1 -8.461 -9.8 -90 -8.59523 -10.2335 -85.7643 3 -0.453011 0.0901455 194
1 -8.461 -9.8 -90 -8.59523 -10.2335 -85.7643 3 -0.415717 0.0901455 153
1 -8.461 -9.8 -90 -8.59523 -10.2335 -85.7643 3 -0.415717 0.0901455 22
1 -8.461 -9.8 -90 -8.59523 -10.2335 -85.7643 3 -0.415717 0.0901455 57
1 -8.461 -9.8 -90 -8.59523 -10.2335 -85.7643 3 -0.378204 0.0901455 44
1 -8.461 -9.8 -90 -8.59523 -10.2335 -85.7643 3 -0.378204 0.0901455 60
1 -8.461 -9.8 -90 -8.59523 -10.2335 -85.7643 3 -0.378204 0.0901455 30
1 -8.461 -9.8 -90 -8.59523 -10.2335 -85.7643 3 -0.34063 0.0901455 30
1 -8.461 -9.8 -90 -8.59523 -10.2335 -85.7643 3 -0.34063 0.0901455 29
1 -8.461 -9.8 -90 -8.59523 -10.2335 -85.7643 3 -0.265853 0.0901455 45
1 -8.461 -9.8 -90 -8.59523 -10.2335 -85.7643 3 -0.265853 0.0901455 60
1 -8.461 -9.8 -90 -8.59523 -10.2335 -85.7643 3 -0.265853 0.0901455 25
1 -8.461 -9.8 -90 -8.59523 -10.2335 -85.7643 3 -0.228683 0.0901455 60
1 -8.461 -9.8 -90 -8.59523 -10.2335 -85.7643 3 -0.228683 0.0901455 82
1 -8.461 -9.8 -90 -8.59523 -10.2335 -85.7643 3 -0.228683 0.0901455 41
1 -8.461 -9.8 -90 -8.59523 -10.2335 -85.7643 3 -0.228683 0.0901455 40
1 -8.461 -9.8 -90 -8.59523 -10.2335 -85.7643 3 -0.191015 0.0901455 271
1 -8.461 -9.8 -90 -8.59523 -10.2335 -85.7643 3 -0.15372 0.0901455 63
1 -8.461 -9.8 -90 -8.59523 -10.2335 -85.7643 3 -0.116083 0.0901455 23
1 -8.461 -9.8 -90 -8.59523 -10.2335 -85.7643 3 -0.0787264 0.0901455 21
1 -8.461 -9.8 -90 -8.59523 -10.2335 -85.7643 3 -0.0787264 0.0901455 24
1 -8.461 -9.8 -90 -8.59523 -10.2335 -85.7643 3 -0.0787264 0.0901455 34
1 -8.461 -9.8 -90 -8.59523 -10.2335 -85.7643 3 -0.0410273 0.0901455 20
1 -8.461 -9.8 -90 -8.59523 -10.2335 -85.7643 3 -0.0410273 0.0901455 66
1 -8.461 -9.8 -90 -8.59523 -10.2335 -85.7643 3 -0.0410273 0.0901455 112
1 -8.461 -9.8 -90 -8.59523 -10.2335 -85.7643 3 -0.0410273 0.0901455 46
1 -8.461 -9.8 -90 -8.59523 -10.2335 -85.7643 3 -0.00248839 0.0901455 51
1 -8.461 -9.8 -90 -8.59523 -10.2335 -85.7643 3 -0.00248839 0.0901455 31
1 -8.461 -9.8 -90 -8.59523 -10.2335 -85.7643 3 -0.00248839 0.0901455 22
1 -8.461 -9.8 -90 -8.59523 -10.2335 -85.7643 3 0.0349619 0.0901455 275
1 -8.461 -9.8 -90 -8.59523 -10.2335 -85.7643 3 0.0349619 0.0901455 193
1 -8.461 -9.8 -90 -8.59523 -10.2335 -85.7643 3 0.0349619 0.0901455 276
1 -8.461 -9.8 -90 -8.59523 -10.2335 -85.7643 3 0.0725055 0.0901455 159
1 -8.461 -9.8 -90 -8.59523 -10.2335 -85.7643 3 0.0725055 0.0901455 40
1 -8.461 -9.8 -90 -8.59523 -10.2335 -85.7643 3 0.0725055 0.0901455 163
1 -8.461 -9.8 -90 -8.59523 -10.2335 -85.7643 3 0.110111 0.0901455 69
1 -8.461 -9.8 -90 -8.59523 -10.2335 -85.7643 3 0.110111 0.0901455 135
1 -8.461 -9.8 -90 -8.59523 -10.2335 -85.7643 3 0.110111 0.0901455 89
1 -8.461 -9.8 -90 -8.59523 -10.2335 -85.7643 3 0.110111 0.0901455 44
1 -8.461 -9.8 -90 -8.59523 -10.2335 -85.7643 3 0.147717 0.0901455 57
1 -8.461 -9.8 -90 -8.59523 -10.2335 -85.7643 3 0.147717 0.0901455 44
1 -8.461 -9.8 -90 -8.59523 -10.2335 -85.7643 3 0.185323 0.0901455 48
1 -8.461 -9.8 -90 -8.59523 -10.2335 -85.7643 3 0.185323 0.0901455 27
1 -8.461 -9.8 -90 -8.59523 -10.2335 -85.7643 3 0.26069 0.0901455 21
1 -8.461 -9.8 -90 -8.59523 -10.2335 -85.7643 3 0.26069 0.0901455 26
1 -8.461 -9.8 -90 -8.59523 -10.2335 -85.7643 3 0.298358 0.0901455 22
1 -8.461 -9.8 -90 -8.59523 -10.2335 -85.7643 3 0.298358 0.0901455 20
1 -8.461 -9.8 -90 -8.59523 -10.2335 -85.7643 3 0.373694 0.0901455 34
1 -8.461 -9.8 -90 -8.59523 -10.2335 -85.7643 3 0.373694 0.0901455 21
1 -8.461 -9.8 -90 -8.59523 -10.2335 -85.7643 3 0.411486 0.0901455 22
1 -8.461 -9.8 -90 -8.59523 -10.2335 -85.7643 3 0.411486 0.0901455 20
1 -8.461 -9.8 -90 -8.59523 -10.2335 -85.7643 3 0.486698 0.0901455 36
1 -8.461 -9.8 -90 -8.59523 -10.2335 -85.7643 3 0.486698 0.0901455 32
1 -8.461 -9.8 -90 -8.59523 -10.2335 -85.7643 3 0.524864 0.0901455 27
1 -8.461 -9.8 -90 -8.59523 -10.2335 -85.7643 3 0.524864 0.0901455 23
1 -8.461 -9.8 -90 -8.59523 -10.2335 -85.7643 3 0.638117 0.0901455 20
1 -8.461 -9.8 -90 -8.59523 -10.2335 -85.7643 3 0.675567 0.0901455 21
1 -8.461 -9.8 -90 -8.59523 -10.2335 -85.7643 3 0.562998 0.0901455 22
1 -8.461 -9.8 -90 -8.59523 -10.2335 -85.7643 3 0.524864 0.0901455 27
1 -8.461 -9.8 -90 -8.59523 -10.2335 -85.7643 3 0.524864 0.0901455 27
1 -8.461 -9.8 -90 -8.59523 -10.2335 -85.7643 3 0.524864 0.0901455 27
1 -8.461 -9.8 -90 -8.59523 -10.2335 -85.7643 3 0.487413 0.0901455 37
1 -8.461 -9.8 -90 -8.59523 -10.2335 -85.7643 3 0.487413 0.0901455 27
1 -8.461 -9.8 -90 -8.59523 -10.2335 -85.7643 3 0.412482 0.0901455 22
1 -8.461 -9.8 -90 -8.59523 -10.2335 -85.7643 3 0.412482 0.0901455 22
1 -8.461 -9.8 -90 -8.59523 -10.2335 -85.7643 3 0.337239 0.0901455 25
1 -8.461 -9.8 -90 -8.59523 -10.2335 -85.7643 3 0.299696 0.0901455 25
1 -8.461 -9.8 -90 -8.59523 -10.2335 -85.7643 3 0.224204 0.0901455 32
1 -8.461 -9.8 -90 -8.59523 -10.2335 -85.7643 3 0.224204 0.0901455 40
1 -8.461 -9.8 -90 -8.59523 -10.2335 -85.7643 3 0.224204 0.0901455 22
1 -8.461 -9.8 -90 -8.59523 -10.2335 -85.7643 3 0.186287 0.0901455 46
1 -8.461 -9.8 -90 -8.59523 -10.2335 -85.7643 3 0.186287 0.0901455 20
1 -8.461 -9.8 -90 -8.59523 -10.2335 -85.7643 3 0.186287 0.0901455 79
1 -8.461 -9.8 -90 -8.59523 -10.2335 -85.7643 3 0.147717 0.0901455 46
1 -8.461 -9.8 -90 -8.59523 -10.2335 -85.7643 3 0.147717 0.0901455 32
1 -8.461 -9.8 -90 -8.59523 -10.2335 -85.7643 3 0.147717 0.0901455 163
1 -8.461 -9.8 -90 -8.59523 -10.2335 -85.7643 3 0.147717 0.0901455 582
1 -8.461 -9.8 -90 -8.59523 -10.2335 -85.7643 3 0.109862 0.0901455 628
1 -8.461 -9.8 -90 -8.59523 -10.2335 -85.7643 3 0.109862 0.0901455 149
1 -8.461 -9.8 -90 -8.59523 -10.2335 -85.7643 3 0.109862 0.0901455 242
1 -8.461 -9.8 -90 -8.59523 -10.2335 -85.7643 3 0.0721633 0.0901455 104
1 -8.461 -9.8 -90 -8.59523 -10.2335 -85.7643 3 0.0721633 0.0901455 60
1 -8.461 -9.8 -90 -8.59523 -10.2335 -85.7643 3 0.0721633 0.0901455 974
1 -8.461 -9.8 -90 -8.59523 -10.2335 -85.7643 3 0.0346197 0.0901455 129
1 -8.461 -9.8 -90 -8.59523 -10.2335 -85.7643 3 0.0346197 0.0901455 113
1 -8.461 -9.8 -90 -8.59523 -10.2335 -85.7643 3 0.0346197 0.0901455 86
1 -8.461 -9.8 -90 -8.59523 -10.2335 -85.7643 3 -0.00283054 0.0901455 133
1 -8.461 -9.8 -90 -8.59523 -10.2335 -85.7643 3 -0.00283054 0.0901455 81
1 -8.461 -9.8 -90 -8.59523 -10.2335 -85.7643 3 -0.00283054 0.0901455 121
1 -8.461 -9.8 -90 -8.59523 -10.2335 -85.7643 3 -0.0405297 0.0901455 143
1 -8.461 -9.8 -90 -8.59523 -10.2335 -85.7643 3 -0.0405297 0.0901455 31
1 -8.461 -9.8 -90 -8.59523 -10.2335 -85.7643 3 -0.0405297 0.0901455 25
1 -8.461 -9.8 -90 -8.59523 -10.2335 -85.7643 3 -0.078602 0.0901455 21
1 -8.461 -9.8 -90 -8.59523 -10.2335 -85.7643 3 -0.115866 0.0901455 25
1 -8.461 -9.8 -90 -8.59523 -10.2335 -85.7643 3 -0.115866 0.0901455 83
1 -8.461 -9.8 -90 -8.59523 -10.2335 -85.7643 3 -0.115866 0.0901455 26
1 -8.461 -9.8 -90 -8.59523 -10.2335 -85.7643 3 -0.15316 0.0901455 96
1 -8.461 -9.8 -90 -8.59523 -10.2335 -85.7643 3 -0.15316 0.0901455 54
1 -8.461 -9.8 -90 -8.59523 -10.2335 -85.7643 3 -0.15316 0.0901455 41
1 -8.461 -9.8 -90 -8.59523 -10.2335 -85.7643 3 -0.190424 0.0901455 43
1 -8.461 -9.8 -90 -8.59523 -10.2335 -85.7643 3 -0.190424 0.0901455 28
1 -8.461 -9.8 -90 -8.59523 -10.2335 -85.7643 3 -0.190424 0.0901455 38
1 -8.461 -9.8 -90 -8.59523 -10.2335 -85.7643 3 -0.228403 0.0901455 73
1 -8.461 -9.8 -90 -8.59523 -10.2335 -85.7643 3 -0.265605 0.0901455 21
1 -8.461 -9.8 -90 -8.59523 -10.2335 -85.7643 3 -0.265605 0.0901455 27
1 -8.461 -9.8 -90 -8.59523 -10.2335 -85.7643 3 -0.302868 0.0901455 23
1 -8.461 -9.8 -90 -8.59523 -10.2335 -85.7643 3 -0.302868 0.0901455 41
1 -8.461 -9.8 -90 -8.59523 -10.2335 -85.7643 3 -0.340132 0.0901455 36
1 -8.461 -9.8 -90 -8.59523 -10.2335 -85.7643 3 -0.340132 0.0901455 34
1 -8.461 -9.8 -90 -8.59523 -10.2335 -85.7643 3 -0.340132 0.0901455 145
1 -8.461 -9.8 -90 -8.59523 -10.2335 -85.7643 3 -0.377582 0.0901455 25
1 -8.461 -9.8 -90 -8.59523 -10.2335 -85.7643 3 -0.415064 0.0901455 162
1 -8.461 -9.8 -90 -8.59523 -10.2335 -85.7643 3 -0.415064 0.0901455 49
1 -8.461 -9.8 -90 -8.59523 -10.2335 -85.7643 3 -0.415064 0.0901455 85
1 -8.461 -9.8 -90 -8.59523 -10.2335 -85.7643 3 -0.415064 0.0901455 199
1 -8.461 -9.8 -90 -8.59523 -10.2335 -85.7643 3 -0.452763 0.0901455 48
1 -8.461 -9.8 -90 -8.59523 -10.2335 -85.7643 3 -0.452763 0.0901455 24
2 -8.461 -7.8 -90 -8.39942 -8.3475 -93.7743 3 -0.563652 0.0901455 24
2 -8.461 -7.8 -90 -8.39942 -8.3475 -93.7743 3 -0.189615 0.0901455 22
2 -8.461 -7.8 -90 -8.39942 -8.3475 -93.7743 3 -0.0770157 0.0901455 25
2 -8.461 -7.8 -90 -8.39942 -8.3475 -93.7743 3 0.0352729 0.0901455 45
2 -8.461 -7.8 -90 -8.39942 -8.3475 -93.7743 3 0.0352729 0.0901455 100
2 -8.461 -7.8 -90 -8.39942 -8.3475 -93.7743 3 0.0352729 0.0901455 29
2 -8.461 -7.8 -90 -8.39942 -8.3475 -93.7743 3 0.336679 0.0901455 97
2 -8.461 -7.8 -90 -8.39942 -8.3475 -93.7743 3 0.336679 0.0901455 53
2 -8.461 -7.8 -90 -8.39942 -8.3475 -93.7743 3 0.374254 0.0901455 91
2 -8.461 -7.8 -90 -8.39942 -8.3475 -93.7743 3 0.374254 0.0901455 382
2 -8.461 -7.8 -90 -8.39942 -8.3475 -93.7743 3 0.374254 0.0901455 35
2 -8.461 -7.8 -90 -8.39942 -8.3475 -93.7743 3 0.411704 0.0901455 63
2 -8.461 -7.8 -90 -8.39942 -8.3475 -93.7743 3 0.524522 0.0901455 20
2 -8.461 -7.8 -90 -8.39942 -8.3475 -93.7743 3 0.524522 0.0901455 23
2 -8.461 -7.8 -90 -8.39942 -8.3475 -93.7743 3 0.524522 0.0901455 31
2 -8.461 -7.8 -90 -8.39942 -8.3475 -93.7743 3 0.748072 0.0901455 20
2 -8.461 -7.8 -90 -8.39942 -8.3475 -93.7743 3 0.562905 0.0901455 32
2 -8.461 -7.8 -90 -8.39942 -8.3475 -93.7743 3 0.562905 0.0901455 27
2 -8.461 -7.8 -90 -8.39942 -8.3475 -93.7743 3 0.449621 0.0901455 84
2 -8.461 -7.8 -90 -8.39942 -8.3475 -93.7743 3 0.412046 0.0901455 134
2 -8.461 -7.8 -90 -8.39942 -8.3475 -93.7743 3 0.412046 0.0901455 45
2 -8.461 -7.8 -90 -8.39942 -8.3475 -93.7743 3 0.0735008 0.0901455 30
2 -8.461 -7.8 -90 -8.39942 -8.3475 -93.7743 3 0.0735008 0.0901455 47
2 -8.461 -7.8 -90 -8.39942 -8.3475 -93.7743 3 0.0735008 0.0901455 59
3 -8.461 -3.3 -90 -8.51479 -3.86071 -85.4328 3 -0.378764 0.0901455 21
3 -8.461 -3.3 -90 -8.51479 -3.86071 -85.4328 3 -0.341345 0.0901455 20
3 -8.461 -3.3 -90 -8.51479 -3.86071 -85.4328 3 -0.341345 0.0901455 24
3 -8.461 -3.3 -90 -8.51479 -3.86071 -85.4328 3 -0.303677 0.0901455 26
3 -8.461 -3.3 -90 -8.51479 -3.86071 -85.4328 3 -0.303677 0.0901455 22
3 -8.461 -3.3 -90 -8.51479 -3.86071 -85.4328 3 -0.266289 0.0901455 30
3 -8.461 -3.3 -90 -8.51479 -3.86071 -85.4328 3 -0.266289 0.0901455 22
3 -8.461 -3.3 -90 -8.51479 -3.86071 -85.4328 3 -0.229025 0.0901455 32
3 -8.461 -3.3 -90 -8.51479 -3.86071 -85.4328 3 -0.229025 0.0901455 35
3 -8.461 -3.3 -90 -8.51479 -3.86071 -85.4328 3 -0.191077 0.0901455 29
3 -8.461 -3.3 -90 -8.51479 -3.86071 -85.4328 3 -0.153596 0.0901455 102
3 -8.461 -3.3 -90 -8.51479 -3.86071 -85.4328 3 -0.153596 0.0901455 459
3 -8.461 -3.3 -90 -8.51479 -3.86071 -85.4328 3 -0.153596 0.0901455 54
3 -8.461 -3.3 -90 -8.51479 -3.86071 -85.4328 3 -0.116301 0.0901455 48
3 -8.461 -3.3 -90 -8.51479 -3.86071 -85.4328 3 -0.116301 0.0901455 24
3 -8.461 -3.3 -90 -8.51479 -3.86071 -85.4328 3 -0.116301 0.0901455 26
3 -8.461 -3.3 -90 -8.51479 -3.86071 -85.4328 3 -0.116301 0.0901455 26
3 -8.461 -3.3 -90 -8.51479 -3.86071 -85.4328 3 -0.0790064 0.0901455 20
3 -8.461 -3.3 -90 -8.51479 -3.86071 -85.4328 3 -0.0790064 0.0901455 20
3 -8.461 -3.3 -90 -8.51479 -3.86071 -85.4328 3 -0.0790064 0.0901455 35
3 -8.461 -3.3 -90 -8.51479 -3.86071 -85.4328 3 -0.0416494 0.0901455 22
3 -8.461 -3.3 -90 -8.51479 -3.86071 -85.4328 3 -0.0416494 0.0901455 25
3 -8.461 -3.3 -90 -8.51479 -3.86071 -85.4328 3 -0.0038259 0.0901455 27
3 -8.461 -3.3 -90 -8.51479 -3.86071 -85.4328 3 -0.0038259 0.0901455 20
3 -8.461 -3.3 -90 -8.51479 -3.86071 -85.4328 3 -0.0038259 0.0901455 27
3 -8.461 -3.3 -90 -8.51479 -3.86071 -85.4328 3 0.0336244 0.0901455 29
3 -8.461 -3.3 -90 -8.51479 -3.86071 -85.4328 3 0.0336244 0.0901455 24
4 -7.461 -1.8 0 -7.71061 -2.38758 2.87942 3 -0.153783 0.0901455 560
4 -7.461 -1.8 0 -7.71061 -2.38758 2.87942 3 -0.153783 0.0901455 4605
4 -7.461 -1.8 0 -7.71061 -2.38758 2.87942 3 -0.153783 0.0901455 3469
4 -7.461 -1.8 0 -7.71061 -2.38758 2.87942 3 -0.153783 0.0901455 111
4 -7.461 -1.8 0 -7.71061 -2.38758 2.87942 3 -0.115928 0.0901455 41
4 -7.461 -1.8 0 -7.71061 -2.38758 2.87942 3 -0.115928 0.0901455 29
4 -7.461 -1.8 0 -7.71061 -2.38758 2.87942 3 -0.115928 0.0901455 34
4 -7.461 -1.8 0 -7.71061 -2.38758 2.87942 3 -0.0787576 0.0901455 23
4 -7.461 -1.8 0 -7.71061 -2.38758 2.87942 3 -0.0787576 0.0901455 20
4 -7.461 -1.8 0 -7.71061 -2.38758 2.87942 3 -0.0787576 0.0901455 26
4 -7.461 -1.8 0 -7.71061 -2.38758 2.87942 3 -0.0410273 0.0901455 28
4 -7.461 -1.8 0 -7.71061 -2.38758 2.87942 3 -0.00323491 0.0901455 24
4 -7.461 -1.8 0 -7.71061 -2.38758 2.87942 3 -0.00323491 0.0901455 41
4 -7.461 -1.8 0 -7.71061 -2.38758 2.87942 3 -0.00323491 0.0901455 33
4 -7.461 -1.8 0 -7.71061 -2.38758 2.87942 3 -0.00323491 0.0901455 31
4 -7.461 -1.8 0 -7.71061 -2.38758 2.87942 3 0.0341843 0.0901455 29
4 -7.461 -1.8 0 -7.71061 -2.38758 2.87942 3 0.11008 0.0901455 27
4 -7.461 -1.8 0 -7.71061 -2.38758 2.87942 3 0.11008 0.0901455 22
4 -7.461 -1.8 0 -7.71061 -2.38758 2.87942 3 0.147686 0.0901455 24
4 -7.461 -1.8 0 -7.71061 -2.38758 2.87942 3 0.185261 0.0901455 34
4 -7.461 -1.8 0 -7.71061 -2.38758 2.87942 3 0.260597 0.0901455 24
4 -7.461 -1.8 0 -7.71061 -2.38758 2.87942 3 0.260597 0.0901455 21
4 -7.461 -1.8 0 -7.71061 -2.38758 2.87942 3 0.298109 0.0901455 20
4 -7.461 -1.8 0 -7.71061 -2.38758 2.87942 3 0.33587 0.0901455 25
4 -7.461 -1.8 0 -7.71061 -2.38758 2.87942 3 0.373352 0.0901455 43
4 -7.461 -1.8 0 -7.71061 -2.38758 2.87942 3 0.373352 0.0901455 22
4 -7.461 -1.8 0 -7.71061 -2.38758 2.87942 3 0.373352 0.0901455 24
4 -7.461 -1.8 0 -7.71061 -2.38758 2.87942 3 0.411238 0.0901455 25
4 -7.461 -1.8 0 -7.71061 -2.38758 2.87942 3 0.411238 0.0901455 28
5 -3.461 -0.8 180 -4.13436 -0.804783 176.002 3 -0.339416 0.0901455 22
5 -3.461 -0.8 180 -4.13436 -0.804783 176.002 3 -0.264765 0.0901455 25
5 -3.461 -0.8 180 -4.13436 -0.804783 176.002 3 -0.264765 0.0901455 32
5 -3.461 -0.8 180 -4.13436 -0.804783 176.002 3 -0.189615 0.0901455 38
5 -3.461 -0.8 180 -4.13436 -0.804783 176.002 3 -0.189615 0.0901455 35
5 -3.461 -0.8 180 -4.13436 -0.804783 176.002 3 -0.152227 0.0901455 27
5 -3.461 -0.8 180 -4.13436 -0.804783 176.002 3 -0.114901 0.0901455 22
5 -3.461 -0.8 180 -4.13436 -0.804783 176.002 3 -0.0773889 0.0901455 31
5 -3.461 -0.8 180 -4.13436 -0.804783 176.002 3 -0.0400942 0.0901455 23
5 -3.461 -0.8 180 -4.13436 -0.804783 176.002 3 0.0354596 0.0901455 21
5 -3.461 -0.8 180 -4.13436 -0.804783 176.002 3 0.0735008 0.0901455 20
5 -3.461 -0.8 180 -4.13436 -0.804783 176.002 3 0.11092 0.0901455 21
5 -3.461 -0.8 180 -4.13436 -0.804783 176.002 3 0.186723 0.0901455 163
5 -3.461 -0.8 180 -4.13436 -0.804783 176.002 3 0.186723 0.0901455 290
5 -3.461 -0.8 180 -4.13436 -0.804783 176.002 3 0.224671 0.0901455 23
5 -3.461 -0.8 180 -4.13436 -0.804783 176.002 3 0.224671 0.0901455 23
5 -3.461 -0.8 180 -4.13436 -0.804783 176.002 3 0.262992 0.0901455 26
5 -3.461 -0.8 180 -4.13436 -0.804783 176.002 3 0.262992 0.0901455 31
5 -3.461 -0.8 180 -4.13436 -0.804783 176.002 3 0.488875 0.0901455 22
5 -3.461 -0.8 180 -4.13436 -0.804783 176.002 3 0.564336 0.0901455 20
5 -3.461 -0.8 180 -4.13436 -0.804783 176.002 3 0.564336 0.0901455 22
5 -3.461 -0.8 180 -4.13436 -0.804783 176.002 3 0.772116 0.0901455 20
5 -3.461 -0.8 180 -4.13436 -0.804783 176.002 3 0.783781 0.0901455 20
5 -3.461 -0.8 180 -4.13436 -0.804783 176.002 3 0.783781 0.0901455 20
5 -3.461 -0.8 180 -4.13436 -0.804783 176.002 3 0.783781 0.0901455 20
5 -3.461 -0.8 180 -4.13436 -0.804783 176.002 3 0.784527 0.0901455 20
6 0.539 -0.8 0 -0.0696612 -0.791798 -4.43395 3 -0.155711 0.0901455 25
6 0.539 -0.8 0 -0.0696612 -0.791798 -4.43395 3 -0.118385 0.0901455 21
6 0.539 -0.8 0 -0.0696612 -0.791798 -4.43395 3 0.0689906 0.0901455 26
6 0.539 -0.8 0 -0.0696612 -0.791798 -4.43395 3 0.106565 0.0901455 21
6 0.539 -0.8 0 -0.0696612 -0.791798 -4.43395 3 0.106565 0.0901455 25
6 0.539 -0.8 0 -0.0696612 -0.791798 -4.43395 3 0.14414 0.0901455 28
6 0.539 -0.8 0 -0.0696612 -0.791798 -4.43395 3 0.14414 0.0901455 24
6 0.539 -0.8 0 -0.0696612 -0.791798 -4.43395 3 0.14414 0.0901455 57
6 0.539 -0.8 0 -0.0696612 -0.791798 -4.43395 3 0.14414 0.0901455 869
6 0.539 -0.8 0 -0.0696612 -0.791798 -4.43395 3 0.182088 0.0901455 356
6 0.539 -0.8 0 -0.0696612 -0.791798 -4.43395 3 0.219632 0.0901455 27
6 0.539 -0.8 0 -0.0696612 -0.791798 -4.43395 3 0.219632 0.0901455 42
6 0.539 -0.8 0 -0.0696612 -0.791798 -4.43395 3 0.257548 0.0901455 43
6 0.539 -0.8 0 -0.0696612 -0.791798 -4.43395 3 0.257548 0.0901455 34
6 0.539 -0.8 0 -0.0696612 -0.791798 -4.43395 3 0.295465 0.0901455 26
6 0.539 -0.8 0 -0.0696612 -0.791798 -4.43395 3 0.295465 0.0901455 28
6 0.539 -0.8 0 -0.0696612 -0.791798 -4.43395 3 0.332916 0.0901455 32
6 0.539 -0.8 0 -0.0696612 -0.791798 -4.43395 3 0.332916 0.0901455 24
6 0.539 -0.8 0 -0.0696612 -0.791798 -4.43395 3 0.408438 0.0901455 26
6 0.539 -0.8 0 -0.0696612 -0.791798 -4.43395 3 0.445982 0.0901455 32
6 0.539 -0.8 0 -0.0696612 -0.791798 -4.43395 3 0.445982 0.0901455 37
6 0.539 -0.8 0 -0.0696612 -0.791798 -4.43395 3 0.558986 0.0901455 34
6 0.539 -0.8 0 -0.0696612 -0.791798 -4.43395 3 0.558986 0.0901455 27
6 0.539 -0.8 0 -0.0696612 -0.791798 -4.43395 3 0.634228 0.0901455 25
6 0.539 -0.8 0 -0.0696612 -0.791798 -4.43395 3 0.74773 0.0901455 22
7 8.539 0.7 0 7.92125 0.710392 -1.44204 3 -0.492919 0.0901455 22
7 8.539 0.7 0 7.92125 0.710392 -1.44204 3 -0.268839 0.0901455 20
7 8.539 0.7 0 7.92125 0.710392 -1.44204 3 -0.231545 0.0901455 20
7 8.539 0.7 0 7.92125 0.710392 -1.44204 3 -0.231545 0.0901455 741
7 8.539 0.7 0 7.92125 0.710392 -1.44204 3 -0.231545 0.0901455 4761
7 8.539 0.7 0 7.92125 0.710392 -1.44204 3 -0.193908 0.0901455 1249
7 8.539 0.7 0 7.92125 0.710392 -1.44204 3 -0.193908 0.0901455 20
7 8.539 0.7 0 7.92125 0.710392 -1.44204 3 -0.193908 0.0901455 23
7 8.539 0.7 0 7.92125 0.710392 -1.44204 3 -0.155493 0.0901455 20
7 8.539 0.7 0 7.92125 0.710392 -1.44204 3 -0.0807172 0.0901455 20
7 8.539 0.7 0 7.92125 0.710392 -1.44204 3 -0.0807172 0.0901455 21
7 8.539 0.7 0 7.92125 0.710392 -1.44204 3 -0.0807172 0.0901455 22
7 8.539 0.7 0 7.92125 0.710392 -1.44204 3 -0.0429869 0.0901455 20
7 8.539 0.7 0 7.92125 0.710392 -1.44204 3 -0.0051323 0.0901455 20
7 8.539 0.7 0 7.92125 0.710392 -1.44204 3 0.0325979 0.0901455 21
7 8.539 0.7 0 7.92125 0.710392 -1.44204 3 0.0325979 0.0901455 25
7 8.539 0.7 0 7.92125 0.710392 -1.44204 3 0.0701415 0.0901455 138
7 8.539 0.7 0 7.92125 0.710392 -1.44204 3 0.0701415 0.0901455 4992
7 8.539 0.7 0 7.92125 0.710392 -1.44204 3 0.0701415 0.0901455 3123
7 8.539 0.7 0 7.92125 0.710392 -1.44204 3 0.108027 0.0901455 40
7 8.539 0.7 0 7.92125 0.710392 -1.44204 3 0.108027 0.0901455 23
7 8.539 0.7 0 7.92125 0.710392 -1.44204 3 0.220907 0.0901455 32
7 8.539 0.7 0 7.92125 0.710392 -1.44204 3 0.371641 0.0901455 36
8 17.039 1.2 0 16.4419 1.27711 -8.02357 3 -0.268995 0.0901455 30
8 17.039 1.2 0 16.4419 1.27711 -8.02357 3 -0.0447288 0.0901455 21
8 17.039 1.2 0 16.4419 1.27711 -8.02357 3 -0.0447288 0.0901455 24
8 17.039 1.2 0 16.4419 1.27711 -8.02357 3 0.483899 0.0901455 196
8 17.039 1.2 0 16.4419 1.27711 -8.02357 3 0.483899 0.0901455 4315
8 17.039 1.2 0 16.4419 1.27711 -8.02357 3 0.483899 0.0901455 3964
8 17.039 1.2 0 16.4419 1.27711 -8.02357 3 0.52138 0.0901455 4040
8 17.039 1.2 0 16.4419 1.27711 -8.02357 3 0.52138 0.0901455 4298
8 17.039 1.2 0 16.4419 1.27711 -8.02357 3 0.52138 0.0901455 2790
8 17.039 1.2 0 16.4419 1.27711 -8.02357 3 0.52138 0.0901455 73
8 17.039 1.2 0 16.4419 1.27711 -8.02357 3 0.558768 0.0901455 34
8 17.039 1.2 0 16.4419 1.27711 -8.02357 3 0.558768 0.0901455 22
19 -9.461 -13.3 90 -9.38456 -12.7829 94.5416 3 -0.493043 0.0901455 20
19 -9.461 -13.3 90 -9.38456 -12.7829 94.5416 3 -0.455469 0.0901455 21
19 -9.461 -13.3 90 -9.38456 -12.7829 94.5416 3 -0.455469 0.0901455 21
19 -9.461 -13.3 90 -9.38456 -12.7829 94.5416 3 -0.455469 0.0901455 21
19 -9.461 -13.3 90 -9.38456 -12.7829 94.5416 3 -0.455469 0.0901455 24
19 -9.461 -13.3 90 -9.38456 -12.7829 94.5416 3 -0.418112 0.0901455 22
19 -9.461 -13.3 90 -9.38456 -12.7829 94.5416 3 -0.305854 0.0901455 20
19 -9.461 -13.3 90 -9.38456 -12.7829 94.5416 3 -0.305854 0.0901455 23
19 -9.461 -13.3 90 -9.38456 -12.7829 94.5416 3 -0.305854 0.0901455 25
20 -8.461 -9.8 -90 -8.68758 -10.2944 -86.2374 3 -0.488627 0.0901455 24
20 -8.461 -9.8 -90 -8.68758 -10.2944 -86.2374 3 -0.450803 0.0901455 58
20 -8.461 -9.8 -90 -8.68758 -10.2944 -86.2374 3 -0.450803 0.0901455 22
20 -8.461 -9.8 -90 -8.68758 -10.2944 -86.2374 3 -0.450803 0.0901455 24
20 -8.461 -9.8 -90 -8.68758 -10.2944 -86.2374 3 -0.413477 0.0901455 108
20 -8.461 -9.8 -90 -8.68758 -10.2944 -86.2374 3 -0.413477 0.0901455 36
20 -8.461 -9.8 -90 -8.68758 -10.2944 -86.2374 3 -0.413477 0.0901455 63
20 -8.461 -9.8 -90 -8.68758 -10.2944 -86.2374 3 -0.375871 0.0901455 32
20 -8.461 -9.8 -90 -8.68758 -10.2944 -86.2374 3 -0.375871 0.0901455 86
20 -8.461 -9.8 -90 -8.68758 -10.2944 -86.2374 3 -0.338701 0.0901455 46
20 -8.461 -9.8 -90 -8.68758 -10.2944 -86.2374 3 -0.338701 0.0901455 31
20 -8.461 -9.8 -90 -8.68758 -10.2944 -86.2374 3 -0.263956 0.0901455 50
20 -8.461 -9.8 -90 -8.68758 -10.2944 -86.2374 3 -0.263956 0.0901455 26
20 -8.461 -9.8 -90 -8.68758 -10.2944 -86.2374 3 -0.226537 0.0901455 36
20 -8.461 -9.8 -90 -8.68758 -10.2944 -86.2374 3 -0.189211 0.0901455 148
20 -8.461 -9.8 -90 -8.68758 -10.2944 -86.2374 3 -0.151916 0.0901455 54
20 -8.461 -9.8 -90 -8.68758 -10.2944 -86.2374 3 -0.151916 0.0901455 68
20 -8.461 -9.8 -90 -8.68758 -10.2944 -86.2374 3 -0.151916 0.0901455 48
20 -8.461 -9.8 -90 -8.68758 -10.2944 -86.2374 3 -0.151916 0.0901455 204
20 -8.461 -9.8 -90 -8.68758 -10.2944 -86.2374 3 -0.114715 0.0901455 126
20 -8.461 -9.8 -90 -8.68758 -10.2944 -86.2374 3 -0.114715 0.0901455 21
20 -8.461 -9.8 -90 -8.68758 -10.2944 -86.2374 3 -0.114715 0.0901455 67
20 -8.461 -9.8 -90 -8.68758 -10.2944 -86.2374 3 -0.114715 0.0901455 86
20 -8.461 -9.8 -90 -8.68758 -10.2944 -86.2374 3 -0.0772645 0.0901455 45
20 -8.461 -9.8 -90 -8.68758 -10.2944 -86.2374 3 -0.0401253 0.0901455 86
20 -8.461 -9.8 -90 -8.68758 -10.2944 -86.2374 3 -0.0401253 0.0901455 36
20 -8.461 -9.8 -90 -8.68758 -10.2944 -86.2374 3 -0.00183519 0.0901455 31
20 -8.461 -9.8 -90 -8.68758 -10.2944 -86.2374 3 -0.00183519 0.0901455 34
20 -8.461 -9.8 -90 -8.68758 -10.2944 -86.2374 3 -0.00183519 0.0901455 37
20 -8.461 -9.8 -90 -8.68758 -10.2944 -86.2374 3 -0.00183519 0.0901455 77
20 -8.461 -9.8 -90 -8.68758 -10.2944 -86.2374 3 0.0355529 0.0901455 90
20 -8.461 -9.8 -90 -8.68758 -10.2944 -86.2374 3 0.0355529 0.0901455 225
20 -8.461 -9.8 -90 -8.68758 -10.2944 -86.2374 3 0.0355529 0.0901455 238
20 -8.461 -9.8 -90 -8.68758 -10.2944 -86.2374 3 0.0355529 0.0901455 327
20 -8.461 -9.8 -90 -8.68758 -10.2944 -86.2374 3 0.0732209 0.0901455 49
20 -8.461 -9.8 -90 -8.68758 -10.2944 -86.2374 3 0.110796 0.0901455 190
20 -8.461 -9.8 -90 -8.68758 -10.2944 -86.2374 3 0.110796 0.0901455 132
20 -8.461 -9.8 -90 -8.68758 -10.2944 -86.2374 3 0.110796 0.0901455 33
20 -8.461 -9.8 -90 -8.68758 -10.2944 -86.2374 3 0.110796 0.0901455 414
20 -8.461 -9.8 -90 -8.68758 -10.2944 -86.2374 3 0.148401 0.0901455 80
20 -8.461 -9.8 -90 -8.68758 -10.2944 -86.2374 3 0.148401 0.0901455 141
20 -8.461 -9.8 -90 -8.68758 -10.2944 -86.2374 3 0.148401 0.0901455 26
20 -8.461 -9.8 -90 -8.68758 -10.2944 -86.2374 3 0.185852 0.0901455 20
20 -8.461 -9.8 -90 -8.68758 -10.2944 -86.2374 3 0.185852 0.0901455 123
20 -8.461 -9.8 -90 -8.68758 -10.2944 -86.2374 3 0.185852 0.0901455 24
20 -8.461 -9.8 -90 -8.68758 -10.2944 -86.2374 3 0.223489 0.0901455 78
20 -8.461 -9.8 -90 -8.68758 -10.2944 -86.2374 3 0.223489 0.0901455 26
20 -8.461 -9.8 -90 -8.68758 -10.2944 -86.2374 3 0.261188 0.0901455 21
20 -8.461 -9.8 -90 -8.68758 -10.2944 -86.2374 3 0.261188 0.0901455 26
20 -8.461 -9.8 -90 -8.68758 -10.2944 -86.2374 3 0.336399 0.0901455 51
20 -8.461 -9.8 -90 -8.68758 -10.2944 -86.2374 3 0.336399 0.0901455 44
20 -8.461 -9.8 -90 -8.68758 -10.2944 -86.2374 3 0.374192 0.0901455 20
20 -8.461 -9.8 -90 -8.68758 -10.2944 -86.2374 3 0.411766 0.0901455 37
20 -8.461 -9.8 -90 -8.68758 -10.2944 -86.2374 3 0.487071 0.0901455 25
20 -8.461 -9.8 -90 -8.68758 -10.2944 -86.2374 3 0.487071 0.0901455 24
20 -8.461 -9.8 -90 -8.68758 -10.2944 -86.2374 3 0.524708 0.0901455 25
20 -8.461 -9.8 -90 -8.68758 -10.2944 -86.2374 3 0.524708 0.0901455 31
20 -8.461 -9.8 -90 -8.68758 -10.2944 -86.2374 3 0.562283 0.0901455 32
20 -8.461 -9.8 -90 -8.68758 -10.2944 -86.2374 3 0.599982 0.0901455 26
20 -8.461 -9.8 -90 -8.68758 -10.2944 -86.2374 3 0.637495 0.0901455 22
21 -8.461 -7.8 -90 -8.53589 -8.34817 -85.7629 3 -0.153938 0.0901455 26
21 -8.461 -7.8 -90 -8.53589 -8.34817 -85.7629 3 0.07235 0.0901455 23
21 -8.461 -7.8 -90 -8.53589 -8.34817 -85.7629 3 0.148557 0.0901455 61
21 -8.461 -7.8 -90 -8.53589 -8.34817 -85.7629 3 0.148557 0.0901455 31
21 -8.461 -7.8 -90 -8.53589 -8.34817 -85.7629 3 0.186038 0.0901455 36
21 -8.461 -7.8 -90 -8.53589 -8.34817 -85.7629 3 0.186038 0.0901455 254
21 -8.461 -7.8 -90 -8.53589 -8.34817 -85.7629 3 0.186038 0.0901455 76
21 -8.461 -7.8 -90 -8.53589 -8.34817 -85.7629 3 0.223551 0.0901455 25
21 -8.461 -7.8 -90 -8.53589 -8.34817 -85.7629 3 0.223551 0.0901455 92
21 -8.461 -7.8 -90 -8.53589 -8.34817 -85.7629 3 0.261779 0.0901455 22
21 -8.461 -7.8 -90 -8.53589 -8.34817 -85.7629 3 0.299664 0.0901455 27
21 -8.461 -7.8 -90 -8.53589 -8.34817 -85.7629 3 0.299664 0.0901455 35
21 -8.461 -7.8 -90 -8.53589 -8.34817 -85.7629 3 0.337643 0.0901455 39
22 -8.461 -3.3 -90 -8.52407 -3.77329 -86.7054 3 -0.342745 0.0901455 21
22 -8.461 -3.3 -90 -8.52407 -3.77329 -86.7054 3 -0.342745 0.0901455 32
22 -8.461 -3.3 -90 -8.52407 -3.77329 -86.7054 3 -0.342745 0.0901455 23
22 -8.461 -3.3 -90 -8.52407 -3.77329 -86.7054 3 -0.305481 0.0901455 30
22 -8.461 -3.3 -90 -8.52407 -3.77329 -86.7054 3 -0.305481 0.0901455 27
22 -8.461 -3.3 -90 -8.52407 -3.77329 -86.7054 3 -0.267969 0.0901455 25
22 -8.461 -3.3 -90 -8.52407 -3.77329 -86.7054 3 -0.267969 0.0901455 23
22 -8.461 -3.3 -90 -8.52407 -3.77329 -86.7054 3 -0.230456 0.0901455 25
22 -8.461 -3.3 -90 -8.52407 -3.77329 -86.7054 3 -0.193161 0.0901455 20
22 -8.461 -3.3 -90 -8.52407 -3.77329 -86.7054 3 -0.193161 0.0901455 47
22 -8.461 -3.3 -90 -8.52407 -3.77329 -86.7054 3 -0.155898 0.0901455 30
22 -8.461 -3.3 -90 -8.52407 -3.77329 -86.7054 3 -0.155898 0.0901455 36
22 -8.461 -3.3 -90 -8.52407 -3.77329 -86.7054 3 -0.155898 0.0901455 26
22 -8.461 -3.3 -90 -8.52407 -3.77329 -86.7054 3 -0.118696 0.0901455 47
22 -8.461 -3.3 -90 -8.52407 -3.77329 -86.7054 3 -0.118696 0.0901455 74
22 -8.461 -3.3 -90 -8.52407 -3.77329 -86.7054 3 -0.118696 0.0901455 54
22 -8.461 -3.3 -90 -8.52407 -3.77329 -86.7054 3 -0.0812148 0.0901455 25
22 -8.461 -3.3 -90 -8.52407 -3.77329 -86.7054 3 -0.0812148 0.0901455 35
22 -8.461 -3.3 -90 -8.52407 -3.77329 -86.7054 3 -0.0812148 0.0901455 23
22 -8.461 -3.3 -90 -8.52407 -3.77329 -86.7054 3 -0.0812148 0.0901455 22
22 -8.461 -3.3 -90 -8.52407 -3.77329 -86.7054 3 -0.0437957 0.0901455 23
22 -8.461 -3.3 -90 -8.52407 -3.77329 -86.7054 3 0.0312915 0.0901455 20
22 -8.461 -3.3 -90 -8.52407 -3.77329 -86.7054 3 0.0687418 0.0901455 28
23 -7.461 -1.8 0 -7.58767 -2.08069 9.63945 3 -0.342651 0.0901455 743
23 -7.461 -1.8 0 -7.58767 -2.08069 9.63945 3 -0.342651 0.0901455 3853
23 -7.461 -1.8 0 -7.58767 -2.08069 9.63945 3 -0.342651 0.0901455 3444
23 -7.461 -1.8 0 -7.58767 -2.08069 9.63945 3 -0.342651 0.0901455 960
23 -7.461 -1.8 0 -7.58767 -2.08069 9.63945 3 -0.305419 0.0901455 21
23 -7.461 -1.8 0 -7.58767 -2.08069 9.63945 3 -0.268062 0.0901455 25
23 -7.461 -1.8 0 -7.58767 -2.08069 9.63945 3 -0.268062 0.0901455 23
23 -7.461 -1.8 0 -7.58767 -2.08069 9.63945 3 -0.268062 0.0901455 26
23 -7.461 -1.8 0 -7.58767 -2.08069 9.63945 3 -0.268062 0.0901455 28
23 -7.461 -1.8 0 -7.58767 -2.08069 9.63945 3 -0.230767 0.0901455 24
23 -7.461 -1.8 0 -7.58767 -2.08069 9.63945 3 -0.230767 0.0901455 22
23 -7.461 -1.8 0 -7.58767 -2.08069 9.63945 3 -0.230767 0.0901455 32
23 -7.461 -1.8 0 -7.58767 -2.08069 9.63945 3 -0.230767 0.0901455 22
23 -7.461 -1.8 0 -7.58767 -2.08069 9.63945 3 -0.193535 0.0901455 20
23 -7.461 -1.8 0 -7.58767 -2.08069 9.63945 3 -0.193535 0.0901455 28
23 -7.461 -1.8 0 -7.58767 -2.08069 9.63945 3 -0.193535 0.0901455 34
23 -7.461 -1.8 0 -7.58767 -2.08069 9.63945 3 -0.156115 0.0901455 27
23 -7.461 -1.8 0 -7.58767 -2.08069 9.63945 3 -0.156115 0.0901455 39
23 -7.461 -1.8 0 -7.58767 -2.08069 9.63945 3 -0.156115 0.0901455 38
23 -7.461 -1.8 0 -7.58767 -2.08069 9.63945 3 -0.118261 0.0901455 32
23 -7.461 -1.8 0 -7.58767 -2.08069 9.63945 3 -0.118261 0.0901455 32
23 -7.461 -1.8 0 -7.58767 -2.08069 9.63945 3 -0.118261 0.0901455 37
23 -7.461 -1.8 0 -7.58767 -2.08069 9.63945 3 -0.0807483 0.0901455 26
23 -7.461 -1.8 0 -7.58767 -2.08069 9.63945 3 -0.00578551 0.0901455 26
23 -7.461 -1.8 0 -7.58767 -2.08069 9.63945 3 0.0321313 0.0901455 23
23 -7.461 -1.8 0 -7.58767 -2.08069 9.63945 3 0.0701415 0.0901455 23
23 -7.461 -1.8 0 -7.58767 -2.08069 9.63945 3 0.0701415 0.0901455 31
23 -7.461 -1.8 0 -7.58767 -2.08069 9.63945 3 0.107934 0.0901455 54
23 -7.461 -1.8 0 -7.58767 -2.08069 9.63945 3 0.107934 0.0901455 27
23 -7.461 -1.8 0 -7.58767 -2.08069 9.63945 3 0.183114 0.0901455 27
23 -7.461 -1.8 0 -7.58767 -2.08069 9.63945 3 0.183114 0.0901455 23
23 -7.461 -1.8 0 -7.58767 -2.08069 9.63945 3 0.183114 0.0901455 20
23 -7.461 -1.8 0 -7.58767 -2.08069 9.63945 3 0.258699 0.0901455 22
23 -7.461 -1.8 0 -7.58767 -2.08069 9.63945 3 0.672705 0.0901455 21
23 -7.461 -1.8 0 -7.58767 -2.08069 9.63945 3 0.74546 0.0901455 21
23 -7.461 -1.8 0 -7.58767 -2.08069 9.63945 3 0.775725 0.0901455 21
24 -3.461 -0.8 180 -4.09079 -0.727282 178.124 3 -0.303553 0.0901455 25
24 -3.461 -0.8 180 -4.09079 -0.727282 178.124 3 -0.265853 0.0901455 23
24 -3.461 -0.8 180 -4.09079 -0.727282 178.124 3 -0.228496 0.0901455 30
24 -3.461 -0.8 180 -4.09079 -0.727282 178.124 3 -0.228496 0.0901455 23
24 -3.461 -0.8 180 -4.09079 -0.727282 178.124 3 -0.228496 0.0901455 23
24 -3.461 -0.8 180 -4.09079 -0.727282 178.124 3 -0.191171 0.0901455 22
24 -3.461 -0.8 180 -4.09079 -0.727282 178.124 3 -0.116612 0.0901455 29
24 -3.461 -0.8 180 -4.09079 -0.727282 178.124 3 -0.116612 0.0901455 25
24 -3.461 -0.8 180 -4.09079 -0.727282 178.124 3 -0.116612 0.0901455 21
24 -3.461 -0.8 180 -4.09079 -0.727282 178.124 3 -0.0793485 0.0901455 21
24 -3.461 -0.8 180 -4.09079 -0.727282 178.124 3 -0.0416183 0.0901455 20
24 -3.461 -0.8 180 -4.09079 -0.727282 178.124 3 -0.00363927 0.0901455 22
24 -3.461 -0.8 180 -4.09079 -0.727282 178.124 3 0.0718523 0.0901455 20
24 -3.461 -0.8 180 -4.09079 -0.727282 178.124 3 0.109707 0.0901455 20
24 -3.461 -0.8 180 -4.09079 -0.727282 178.124 3 0.147251 0.0901455 24
24 -3.461 -0.8 180 -4.09079 -0.727282 178.124 3 0.147251 0.0901455 448
24 -3.461 -0.8 180 -4.09079 -0.727282 178.124 3 0.184856 0.0901455 319
24 -3.461 -0.8 180 -4.09079 -0.727282 178.124 3 0.222369 0.0901455 21
24 -3.461 -0.8 180 -4.09079 -0.727282 178.124 3 0.222369 0.0901455 20
24 -3.461 -0.8 180 -4.09079 -0.727282 178.124 3 0.222369 0.0901455 20
24 -3.461 -0.8 180 -4.09079 -0.727282 178.124 3 0.260255 0.0901455 20
24 -3.461 -0.8 180 -4.09079 -0.727282 178.124 3 0.297611 0.0901455 20
24 -3.461 -0.8 180 -4.09079 -0.727282 178.124 3 0.485858 0.0901455 22
24 -3.461 -0.8 180 -4.09079 -0.727282 178.124 3 0.561132 0.0901455 20
24 -3.461 -0.8 180 -4.09079 -0.727282 178.124 3 0.598489 0.0901455 20
24 -3.461 -0.8 180 -4.09079 -0.727282 178.124 3 0.746237 0.0901455 22
24 -3.461 -0.8 180 -4.09079 -0.727282 178.124 3 0.746237 0.0901455 26
24 -3.461 -0.8 180 -4.09079 -0.727282 178.124 3 0.746237 0.0901455 29
24 -3.461 -0.8 180 -4.09079 -0.727282 178.124 3 0.770343 0.0901455 20
24 -3.461 -0.8 180 -4.09079 -0.727282 178.124 3 0.770343 0.0901455 21
24 -3.461 -0.8 180 -4.09079 -0.727282 178.124 3 0.783501 0.0901455 20
24 -3.461 -0.8 180 -4.09079 -0.727282 178.124 3 0.771214 0.0901455 25
24 -3.461 -0.8 180 -4.09079 -0.727282 178.124 3 0.771214 0.0901455 25
24 -3.461 -0.8 180 -4.09079 -0.727282 178.124 3 0.771214 0.0901455 23
24 -3.461 -0.8 180 -4.09079 -0.727282 178.124 3 0.747606 0.0901455 20
24 -3.461 -0.8 180 -4.09079 -0.727282 178.124 3 0.637868 0.0901455 21
24 -3.461 -0.8 180 -4.09079 -0.727282 178.124 3 0.600324 0.0901455 23
24 -3.461 -0.8 180 -4.09079 -0.727282 178.124 3 0.525237 0.0901455 20
24 -3.461 -0.8 180 -4.09079 -0.727282 178.124 3 0.487818 0.0901455 21
24 -3.461 -0.8 180 -4.09079 -0.727282 178.124 3 0.299882 0.0901455 21
24 -3.461 -0.8 180 -4.09079 -0.727282 178.124 3 0.262339 0.0901455 28
24 -3.461 -0.8 180 -4.09079 -0.727282 178.124 3 0.262339 0.0901455 21
24 -3.461 -0.8 180 -4.09079 -0.727282 178.124 3 0.224391 0.0901455 20
24 -3.461 -0.8 180 -4.09079 -0.727282 178.124 3 0.186847 0.0901455 57
24 -3.461 -0.8 180 -4.09079 -0.727282 178.124 3 0.186847 0.0901455 655
24 -3.461 -0.8 180 -4.09079 -0.727282 178.124 3 0.186847 0.0901455 91
24 -3.461 -0.8 180 -4.09079 -0.727282 178.124 3 0.149428 0.0901455 20
24 -3.461 -0.8 180 -4.09079 -0.727282 178.124 3 0.149428 0.0901455 21
24 -3.461 -0.8 180 -4.09079 -0.727282 178.124 3 0.036486 0.0901455 20
24 -3.461 -0.8 180 -4.09079 -0.727282 178.124 3 -0.0395032 0.0901455 21
24 -3.461 -0.8 180 -4.09079 -0.727282 178.124 3 -0.07742 0.0901455 24
24 -3.461 -0.8 180 -4.09079 -0.727282 178.124 3 -0.07742 0.0901455 24
24 -3.461 -0.8 180 -4.09079 -0.727282 178.124 3 -0.07742 0.0901455 26
24 -3.461 -0.8 180 -4.09079 -0.727282 178.124 3 -0.152072 0.0901455 24
24 -3.461 -0.8 180 -4.09079 -0.727282 178.124 3 -0.152072 0.0901455 26
24 -3.461 -0.8 180 -4.09079 -0.727282 178.124 3 -0.189491 0.0901455 20
24 -3.461 -0.8 180 -4.09079 -0.727282 178.124 3 -0.189491 0.0901455 31
24 -3.461 -0.8 180 -4.09079 -0.727282 178.124 3 -0.226786 0.0901455 26
24 -3.461 -0.8 180 -4.09079 -0.727282 178.124 3 -0.264174 0.0901455 23
25 0.539 -0.8 0 -0.0645503 -0.830151 -4.8271 3 -0.227377 0.0901455 20
25 0.539 -0.8 0 -0.0645503 -0.830151 -4.8271 3 -0.189584 0.0901455 21
25 0.539 -0.8 0 -0.0645503 -0.830151 -4.8271 3 -0.15201 0.0901455 21
25 0.539 -0.8 0 -0.0645503 -0.830151 -4.8271 3 -0.114124 0.0901455 27
25 0.539 -0.8 0 -0.0645503 -0.830151 -4.8271 3 -0.114124 0.0901455 22
25 0.539 -0.8 0 -0.0645503 -0.830151 -4.8271 3 -0.0767357 0.0901455 21
25 0.539 -0.8 0 -0.0645503 -0.830151 -4.8271 3 0.0358328 0.0901455 22
25 0.539 -0.8 0 -0.0645503 -0.830151 -4.8271 3 0.0358328 0.0901455 24
25 0.539 -0.8 0 -0.0645503 -0.830151 -4.8271 3 0.0358328 0.0901455 27
25 0.539 -0.8 0 -0.0645503 -0.830151 -4.8271 3 0.0734697 0.0901455 23
25 0.539 -0.8 0 -0.0645503 -0.830151 -4.8271 3 0.0734697 0.0901455 23
25 0.539 -0.8 0 -0.0645503 -0.830151 -4.8271 3 0.0734697 0.0901455 32
25 0.539 -0.8 0 -0.0645503 -0.830151 -4.8271 3 0.148526 0.0901455 25
25 0.539 -0.8 0 -0.0645503 -0.830151 -4.8271 3 0.148526 0.0901455 27
25 0.539 -0.8 0 -0.0645503 -0.830151 -4.8271 3 0.1861 0.0901455 241
25 0.539 -0.8 0 -0.0645503 -0.830151 -4.8271 3 0.1861 0.0901455 959
25 0.539 -0.8 0 -0.0645503 -0.830151 -4.8271 3 0.1861 0.0901455 68
25 0.539 -0.8 0 -0.0645503 -0.830151 -4.8271 3 0.1861 0.0901455 30
25 0.539 -0.8 0 -0.0645503 -0.830151 -4.8271 3 0.261343 0.0901455 27
25 0.539 -0.8 0 -0.0645503 -0.830151 -4.8271 3 0.29926 0.0901455 23
25 0.539 -0.8 0 -0.0645503 -0.830151 -4.8271 3 0.41214 0.0901455 21
25 0.539 -0.8 0 -0.0645503 -0.830151 -4.8271 3 0.488067 0.0901455 21
25 0.539 -0.8 0 -0.0645503 -0.830151 -4.8271 3 0.601102 0.0901455 27
25 0.539 -0.8 0 -0.0645503 -0.830151 -4.8271 3 0.638552 0.0901455 21
25 0.539 -0.8 0 -0.0645503 -0.830151 -4.8271 3 0.638552 0.0901455 22
25 0.539 -0.8 0 -0.0645503 -0.830151 -4.8271 3 0.676002 0.0901455 33
25 0.539 -0.8 0 -0.0645503 -0.830151 -4.8271 3 0.74773 0.0901455 26
25 0.539 -0.8 0 -0.0645503 -0.830151 -4.8271 3 0.748072 0.0901455 23
26 8.539 0.7 0 7.87097 0.698796 -4.72573 3 -0.228652 0.0901455 117
26 8.539 0.7 0 7.87097 0.698796 -4.72573 3 -0.191264 0.0901455 29
26 8.539 0.7 0 7.87097 0.698796 -4.72573 3 -0.191264 0.0901455 23
26 8.539 0.7 0 7.87097 0.698796 -4.72573 3 -0.153969 0.0901455 55
26 8.539 0.7 0 7.87097 0.698796 -4.72573 3 -0.153969 0.0901455 2065
26 8.539 0.7 0 7.87097 0.698796 -4.72573 3 -0.153969 0.0901455 3829
26 8.539 0.7 0 7.87097 0.698796 -4.72573 3 -0.153969 0.0901455 272
26 8.539 0.7 0 7.87097 0.698796 -4.72573 3 -0.078882 0.0901455 24
26 8.539 0.7 0 7.87097 0.698796 -4.72573 3 -0.0416805 0.0901455 23
26 8.539 0.7 0 7.87097 0.698796 -4.72573 3 -0.0416805 0.0901455 20
26 8.539 0.7 0 7.87097 0.698796 -4.72573 3 -0.0416805 0.0901455 29
26 8.539 0.7 0 7.87097 0.698796 -4.72573 3 -0.00363927 0.0901455 25
26 8.539 0.7 0 7.87097 0.698796 -4.72573 3 0.0344953 0.0901455 30
26 8.539 0.7 0 7.87097 0.698796 -4.72573 3 0.0344953 0.0901455 23
26 8.539 0.7 0 7.87097 0.698796 -4.72573 3 0.0344953 0.0901455 22
26 8.539 0.7 0 7.87097 0.698796 -4.72573 3 0.0721633 0.0901455 22
26 8.539 0.7 0 7.87097 0.698796 -4.72573 3 0.109676 0.0901455 26
26 8.539 0.7 0 7.87097 0.698796 -4.72573 3 0.109676 0.0901455 22
26 8.539 0.7 0 7.87097 0.698796 -4.72573 3 0.109676 0.0901455 64
26 8.539 0.7 0 7.87097 0.698796 -4.72573 3 0.147344 0.0901455 3286
26 8.539 0.7 0 7.87097 0.698796 -4.72573 3 0.147344 0.0901455 4317
26 8.539 0.7 0 7.87097 0.698796 -4.72573 3 0.147344 0.0901455 114
26 8.539 0.7 0 7.87097 0.698796 -4.72573 3 0.184856 0.0901455 20
26 8.539 0.7 0 7.87097 0.698796 -4.72573 3 0.223613 0.0901455 20
26 8.539 0.7 0 7.87097 0.698796 -4.72573 3 0.411766 0.0901455 30
26 8.539 0.7 0 7.87097 0.698796 -4.72573 3 0.411766 0.0901455 26
26 8.539 0.7 0 7.87097 0.698796 -4.72573 3 0.487258 0.0901455 26
26 8.539 0.7 0 7.87097 0.698796 -4.72573 3 0.524895 0.0901455 21
26 8.539 0.7 0 7.87097 0.698796 -4.72573 3 0.524895 0.0901455 24
26 8.539 0.7 0 7.87097 0.698796 -4.72573 3 0.562376 0.0901455 20
26 8.539 0.7 0 7.87097 0.698796 -4.72573 3 0.638365 0.0901455 21
26 8.539 0.7 0 7.87097 0.698796 -4.72573 3 0.525579 0.0901455 34
26 8.539 0.7 0 7.87097 0.698796 -4.72573 3 0.261965 0.0901455 20
26 8.539 0.7 0 7.87097 0.698796 -4.72573 3 0.186474 0.0901455 48
26 8.539 0.7 0 7.87097 0.698796 -4.72573 3 0.186474 0.0901455 3204
26 8.539 0.7 0 7.87097 0.698796 -4.72573 3 0.186474 0.0901455 4320
26 8.539 0.7 0 7.87097 0.698796 -4.72573 3 0.148899 0.0901455 124
26 8.539 0.7 0 7.87097 0.698796 -4.72573 3 0.148899 0.0901455 25
26 8.539 0.7 0 7.87097 0.698796 -4.72573 3 0.148899 0.0901455 20
26 8.539 0.7 0 7.87097 0.698796 -4.72573 3 0.111449 0.0901455 23
26 8.539 0.7 0 7.87097 0.698796 -4.72573 3 0.111449 0.0901455 21
26 8.539 0.7 0 7.87097 0.698796 -4.72573 3 0.111449 0.0901455 21
26 8.539 0.7 0 7.87097 0.698796 -4.72573 3 0.0739674 0.0901455 23
26 8.539 0.7 0 7.87097 0.698796 -4.72573 3 0.0739674 0.0901455 21
26 8.539 0.7 0 7.87097 0.698796 -4.72573 3 0.0362683 0.0901455 20
26 8.539 0.7 0 7.87097 0.698796 -4.72573 3 -0.00143082 0.0901455 20
26 8.539 0.7 0 7.87097 0.698796 -4.72573 3 -0.00143082 0.0901455 28
26 8.539 0.7 0 7.87097 0.698796 -4.72573 3 -0.00143082 0.0901455 23
26 8.539 0.7 0 7.87097 0.698796 -4.72573 3 -0.00143082 0.0901455 25
26 8.539 0.7 0 7.87097 0.698796 -4.72573 3 -0.0391299 0.0901455 21
26 8.539 0.7 0 7.87097 0.698796 -4.72573 3 -0.0391299 0.0901455 20
26 8.539 0.7 0 7.87097 0.698796 -4.72573 3 -0.0764247 0.0901455 22
26 8.539 0.7 0 7.87097 0.698796 -4.72573 3 -0.0764247 0.0901455 21
26 8.539 0.7 0 7.87097 0.698796 -4.72573 3 -0.0764247 0.0901455 20
26 8.539 0.7 0 7.87097 0.698796 -4.72573 3 -0.113782 0.0901455 117
26 8.539 0.7 0 7.87097 0.698796 -4.72573 3 -0.113782 0.0901455 3086
26 8.539 0.7 0 7.87097 0.698796 -4.72573 3 -0.113782 0.0901455 2907
26 8.539 0.7 0 7.87097 0.698796 -4.72573 3 -0.150952 0.0901455 108
26 8.539 0.7 0 7.87097 0.698796 -4.72573 3 -0.150952 0.0901455 29
26 8.539 0.7 0 7.87097 0.698796 -4.72573 3 -0.188216 0.0901455 118
