19 -9.461 -13.3 90 -9.49505 -12.724 92.5789 3 -0.785398 0.0901455 27
19 -9.461 -13.3 90 -9.49505 -12.724 92.5789 3 -0.785398 0.0901455 27
19 -9.461 -13.3 90 -9.49505 -12.724 92.5789 3 -0.785398 0.0901455 28
19 -9.461 -13.3 90 -9.49505 -12.724 92.5789 3 -0.785398 0.0901455 28
19 -9.461 -13.3 90 -9.49505 -12.724 92.5789 3 -0.785398 0.0901455 28
19 -9.461 -13.3 90 -9.49505 -12.724 92.5789 3 -0.785398 0.0901455 27
19 -9.461 -13.3 90 -9.49505 -12.724 92.5789 3 -0.783563 0.0901455 26
19 -9.461 -13.3 90 -9.49505 -12.724 92.5789 3 -0.783563 0.0901455 26
19 -9.461 -13.3 90 -9.49505 -12.724 92.5789 3 -0.783563 0.0901455 23
19 -9.461 -13.3 90 -9.49505 -12.724 92.5789 3 -0.771525 0.0901455 20
19 -9.461 -13.3 90 -9.49505 -12.724 92.5789 3 -0.750156 0.0901455 20
19 -9.461 -13.3 90 -9.49505 -12.724 92.5789 3 -0.71647 0.0901455 22
19 -9.461 -13.3 90 -9.49505 -12.724 92.5789 3 -0.71647 0.0901455 24
19 -9.461 -13.3 90 -9.49505 -12.724 92.5789 3 -0.71647 0.0901455 24
19 -9.461 -13.3 90 -9.49505 -12.724 92.5789 3 -0.71647 0.0901455 25
19 -9.461 -13.3 90 -9.49505 -12.724 92.5789 3 -0.679051 0.0901455 21
19 -9.461 -13.3 90 -9.49505 -12.724 92.5789 3 -0.679051 0.0901455 25
19 -9.461 -13.3 90 -9.49505 -12.724 92.5789 3 -0.64132 0.0901455 26
19 -9.461 -13.3 90 -9.49505 -12.724 92.5789 3 -0.64132 0.0901455 25
19 -9.461 -13.3 90 -9.49505 -12.724 92.5789 3 -0.64132 0.0901455 24
19 -9.461 -13.3 90 -9.49505 -12.724 92.5789 3 -0.64132 0.0901455 26
19 -9.461 -13.3 90 -9.49505 -12.724 92.5789 3 -0.604119 0.0901455 21
19 -9.461 -13.3 90 -9.49505 -12.724 92.5789 3 -0.604119 0.0901455 27
19 -9.461 -13.3 90 -9.49505 -12.724 92.5789 3 -0.604119 0.0901455 27
19 -9.461 -13.3 90 -9.49505 -12.724 92.5789 3 -0.604119 0.0901455 24
19 -9.461 -13.3 90 -9.49505 -12.724 92.5789 3 -0.566949 0.0901455 23
19 -9.461 -13.3 90 -9.49505 -12.724 92.5789 3 -0.566949 0.0901455 24
19 -9.461 -13.3 90 -9.49505 -12.724 92.5789 3 -0.529187 0.0901455 21
19 -9.461 -13.3 90 -9.49505 -12.724 92.5789 3 -0.529187 0.0901455 25
19 -9.461 -13.3 90 -9.49505 -12.724 92.5789 3 -0.529187 0.0901455 27
19 -9.461 -13.3 90 -9.49505 -12.724 92.5789 3 -0.491675 0.0901455 34
19 -9.461 -13.3 90 -9.49505 -12.724 92.5789 3 -0.491675 0.0901455 35
19 -9.461 -13.3 90 -9.49505 -12.724 92.5789 3 -0.491675 0.0901455 35
19 -9.461 -13.3 90 -9.49505 -12.724 92.5789 3 -0.491675 0.0901455 39
19 -9.461 -13.3 90 -9.49505 -12.724 92.5789 3 -0.454256 0.0901455 52
19 -9.461 -13.3 90 -9.49505 -12.724 92.5789 3 -0.454256 0.0901455 43
19 -9.461 -13.3 90 -9.49505 -12.724 92.5789 3 -0.454256 0.0901455 51
19 -9.461 -13.3 90 -9.49505 -12.724 92.5789 3 -0.454256 0.0901455 45
19 -9.461 -13.3 90 -9.49505 -12.724 92.5789 3 -0.416868 0.0901455 39
19 -9.461 -13.3 90 -9.49505 -12.724 92.5789 3 -0.416868 0.0901455 41
19 -9.461 -13.3 90 -9.49505 -12.724 92.5789 3 -0.416868 0.0901455 45
19 -9.461 -13.3 90 -9.49505 -12.724 92.5789 3 -0.379573 0.0901455 48
19 -9.461 -13.3 90 -9.49505 -12.724 92.5789 3 -0.379573 0.0901455 41
19 -9.461 -13.3 90 -9.49505 -12.724 92.5789 3 -0.379573 0.0901455 43
19 -9.461 -13.3 90 -9.49505 -12.724 92.5789 3 -0.379573 0.0901455 50
19 -9.461 -13.3 90 -9.49505 -12.724 92.5789 3 -0.342154 0.0901455 47
19 -9.461 -13.3 90 -9.49505 -12.724 92.5789 3 -0.342154 0.0901455 38
19 -9.461 -13.3 90 -9.49505 -12.724 92.5789 3 -0.342154 0.0901455 52
19 -9.461 -13.3 90 -9.49505 -12.724 92.5789 3 -0.342154 0.0901455 63
19 -9.461 -13.3 90 -9.49505 -12.724 92.5789 3 -0.304175 0.0901455 76
19 -9.461 -13.3 90 -9.49505 -12.724 92.5789 3 -0.304175 0.0901455 48
19 -9.461 -13.3 90 -9.49505 -12.724 92.5789 3 -0.304175 0.0901455 43
19 -9.461 -13.3 90 -9.49505 -12.724 92.5789 3 -0.266662 0.0901455 49
19 -9.461 -13.3 90 -9.49505 -12.724 92.5789 3 -0.266662 0.0901455 30
19 -9.461 -13.3 90 -9.49505 -12.724 92.5789 3 -0.266662 0.0901455 27
19 -9.461 -13.3 90 -9.49505 -12.724 92.5789 3 -0.266662 0.0901455 27
19 -9.461 -13.3 90 -9.49505 -12.724 92.5789 3 -0.229367 0.0901455 26
19 -9.461 -13.3 90 -9.49505 -12.724 92.5789 3 -0.229367 0.0901455 27
19 -9.461 -13.3 90 -9.49505 -12.724 92.5789 3 -0.229367 0.0901455 27
19 -9.461 -13.3 90 -9.49505 -12.724 92.5789 3 -0.229367 0.0901455 26
19 -9.461 -13.3 90 -9.49505 -12.724 92.5789 3 -0.191855 0.0901455 27
19 -9.461 -13.3 90 -9.49505 -12.724 92.5789 3 -0.191855 0.0901455 20
19 -9.461 -13.3 90 -9.49505 -12.724 92.5789 3 -0.191855 0.0901455 26
19 -9.461 -13.3 90 -9.49505 -12.724 92.5789 3 -0.154342 0.0901455 26
19 -9.461 -13.3 90 -9.49505 -12.724 92.5789 3 -0.116674 0.0901455 25
19 -9.461 -13.3 90 -9.49505 -12.724 92.5789 3 -0.0791308 0.0901455 23
19 -9.461 -13.3 90 -9.49505 -12.724 92.5789 3 0.146286 0.0901455 22
19 -9.461 -13.3 90 -9.49505 -12.724 92.5789 3 0.334035 0.0901455 20
19 -9.461 -13.3 90 -9.49505 -12.724 92.5789 3 0.635722 0.0901455 21
19 -9.461 -13.3 90 -9.49505 -12.724 92.5789 3 0.373818 0.0901455 20
19 -9.461 -13.3 90 -9.49505 -12.724 92.5789 3 0.185696 0.0901455 21
19 -9.461 -13.3 90 -9.49505 -12.724 92.5789 3 -0.0400631 0.0901455 23
19 -9.461 -13.3 90 -9.49505 -12.724 92.5789 3 -0.152725 0.0901455 31
19 -9.461 -13.3 90 -9.49505 -12.724 92.5789 3 -0.152725 0.0901455 20
19 -9.461 -13.3 90 -9.49505 -12.724 92.5789 3 -0.152725 0.0901455 26
19 -9.461 -13.3 90 -9.49505 -12.724 92.5789 3 -0.190144 0.0901455 26
19 -9.461 -13.3 90 -9.49505 -12.724 92.5789 3 -0.190144 0.0901455 26
19 -9.461 -13.3 90 -9.49505 -12.724 92.5789 3 -0.190144 0.0901455 27
19 -9.461 -13.3 90 -9.49505 -12.724 92.5789 3 -0.190144 0.0901455 27
19 -9.461 -13.3 90 -9.49505 -12.724 92.5789 3 -0.227719 0.0901455 26
19 -9.461 -13.3 90 -9.49505 -12.724 92.5789 3 -0.227719 0.0901455 26
19 -9.461 -13.3 90 -9.49505 -12.724 92.5789 3 -0.227719 0.0901455 27
19 -9.461 -13.3 90 -9.49505 -12.724 92.5789 3 -0.227719 0.0901455 42
19 -9.461 -13.3 90 -9.49505 -12.724 92.5789 3 -0.2652 0.0901455 38
19 -9.461 -13.3 90 -9.49505 -12.724 92.5789 3 -0.2652 0.0901455 45
19 -9.461 -13.3 90 -9.49505 -12.724 92.5789 3 -0.2652 0.0901455 56
19 -9.461 -13.3 90 -9.49505 -12.724 92.5789 3 -0.303273 0.0901455 61
19 -9.461 -13.3 90 -9.49505 -12.724 92.5789 3 -0.303273 0.0901455 60
19 -9.461 -13.3 90 -9.49505 -12.724 92.5789 3 -0.303273 0.0901455 41
19 -9.461 -13.3 90 -9.49505 -12.724 92.5789 3 -0.303273 0.0901455 50
19 -9.461 -13.3 90 -9.49505 -12.724 92.5789 3 -0.341221 0.0901455 54
19 -9.461 -13.3 90 -9.49505 -12.724 92.5789 3 -0.341221 0.0901455 46
19 -9.461 -13.3 90 -9.49505 -12.724 92.5789 3 -0.341221 0.0901455 43
19 -9.461 -13.3 90 -9.49505 -12.724 92.5789 3 -0.341221 0.0901455 45
19 -9.461 -13.3 90 -9.49505 -12.724 92.5789 3 -0.378484 0.0901455 47
19 -9.461 -13.3 90 -9.49505 -12.724 92.5789 3 -0.378484 0.0901455 40
19 -9.461 -13.3 90 -9.49505 -12.724 92.5789 3 -0.378484 0.0901455 41
19 -9.461 -13.3 90 -9.49505 -12.724 92.5789 3 -0.415841 0.0901455 44
19 -9.461 -13.3 90 -9.49505 -12.724 92.5789 3 -0.415841 0.0901455 38
19 -9.461 -13.3 90 -9.49505 -12.724 92.5789 3 -0.415841 0.0901455 38
19 -9.461 -13.3 90 -9.49505 -12.724 92.5789 3 -0.415841 0.0901455 46
19 -9.461 -13.3 90 -9.49505 -12.724 92.5789 3 -0.45326 0.0901455 40
19 -9.461 -13.3 90 -9.49505 -12.724 92.5789 3 -0.45326 0.0901455 39
19 -9.461 -13.3 90 -9.49505 -12.724 92.5789 3 -0.45326 0.0901455 34
19 -9.461 -13.3 90 -9.49505 -12.724 92.5789 3 -0.45326 0.0901455 33
19 -9.461 -13.3 90 -9.49505 -12.724 92.5789 3 -0.490648 0.0901455 24
19 -9.461 -13.3 90 -9.49505 -12.724 92.5789 3 -0.490648 0.0901455 24
19 -9.461 -13.3 90 -9.49505 -12.724 92.5789 3 -0.490648 0.0901455 23
19 -9.461 -13.3 90 -9.49505 -12.724 92.5789 3 -0.528472 0.0901455 20
19 -9.461 -13.3 90 -9.49505 -12.724 92.5789 3 -0.528472 0.0901455 23
19 -9.461 -13.3 90 -9.49505 -12.724 92.5789 3 -0.528472 0.0901455 23
19 -9.461 -13.3 90 -9.49505 -12.724 92.5789 3 -0.565736 0.0901455 22
19 -9.461 -13.3 90 -9.49505 -12.724 92.5789 3 -0.565736 0.0901455 27
19 -9.461 -13.3 90 -9.49505 -12.724 92.5789 3 -0.565736 0.0901455 29
19 -9.461 -13.3 90 -9.49505 -12.724 92.5789 3 -0.565736 0.0901455 23
19 -9.461 -13.3 90 -9.49505 -12.724 92.5789 3 -0.603528 0.0901455 26
19 -9.461 -13.3 90 -9.49505 -12.724 92.5789 3 -0.603528 0.0901455 27
19 -9.461 -13.3 90 -9.49505 -12.724 92.5789 3 -0.603528 0.0901455 25
19 -9.461 -13.3 90 -9.49505 -12.724 92.5789 3 -0.640792 0.0901455 26
19 -9.461 -13.3 90 -9.49505 -12.724 92.5789 3 -0.640792 0.0901455 27
19 -9.461 -13.3 90 -9.49505 -12.724 92.5789 3 -0.640792 0.0901455 23
19 -9.461 -13.3 90 -9.49505 -12.724 92.5789 3 -0.640792 0.0901455 26
19 -9.461 -13.3 90 -9.49505 -12.724 92.5789 3 -0.678149 0.0901455 21
19 -9.461 -13.3 90 -9.49505 -12.724 92.5789 3 -0.678149 0.0901455 21
19 -9.461 -13.3 90 -9.49505 -12.724 92.5789 3 -0.678149 0.0901455 26
19 -9.461 -13.3 90 -9.49505 -12.724 92.5789 3 -0.678149 0.0901455 20
19 -9.461 -13.3 90 -9.49505 -12.724 92.5789 3 -0.715692 0.0901455 20
19 -9.461 -13.3 90 -9.49505 -12.724 92.5789 3 -0.75025 0.0901455 20
19 -9.461 -13.3 90 -9.49505 -12.724 92.5789 3 -0.772956 0.0901455 25
19 -9.461 -13.3 90 -9.49505 -12.724 92.5789 3 -0.772956 0.0901455 29
19 -9.461 -13.3 90 -9.49505 -12.724 92.5789 3 -0.784092 0.0901455 28
19 -9.461 -13.3 90 -9.49505 -12.724 92.5789 3 -0.784092 0.0901455 29
19 -9.461 -13.3 90 -9.49505 -12.724 92.5789 3 -0.784092 0.0901455 28
19 -9.461 -13.3 90 -9.49505 -12.724 92.5789 3 -0.784092 0.0901455 28
19 -9.461 -13.3 90 -9.49505 -12.724 92.5789 3 -0.785398 0.0901455 29
19 -9.461 -13.3 90 -9.49505 -12.724 92.5789 3 -0.785398 0.0901455 28
19 -9.461 -13.3 90 -9.49505 -12.724 92.5789 3 -0.785398 0.0901455 27
19 -9.461 -13.3 90 -9.49505 -12.724 92.5789 3 -0.785398 0.0901455 27
19 -9.461 -13.3 90 -9.49505 -12.724 92.5789 3 -0.782848 0.0879386 27
20 -8.461 -9.8 -90 -8.72013 -10.3422 -84.3349 3 -0.638085 0.0901455 20
20 -8.461 -9.8 -90 -8.72013 -10.3422 -84.3349 3 -0.563496 0.0901455 20
20 -8.461 -9.8 -90 -8.72013 -10.3422 -84.3349 3 -0.563496 0.0901455 22
20 -8.461 -9.8 -90 -8.72013 -10.3422 -84.3349 3 -0.526046 0.0901455 31
20 -8.461 -9.8 -90 -8.72013 -10.3422 -84.3349 3 -0.488533 0.0901455 27
20 -8.461 -9.8 -90 -8.72013 -10.3422 -84.3349 3 -0.451021 0.0901455 33
20 -8.461 -9.8 -90 -8.72013 -10.3422 -84.3349 3 -0.451021 0.0901455 141
20 -8.461 -9.8 -90 -8.72013 -10.3422 -84.3349 3 -0.451021 0.0901455 24
20 -8.461 -9.8 -90 -8.72013 -10.3422 -84.3349 3 -0.412544 0.0901455 38
20 -8.461 -9.8 -90 -8.72013 -10.3422 -84.3349 3 -0.412544 0.0901455 20
20 -8.461 -9.8 -90 -8.72013 -10.3422 -84.3349 3 -0.412544 0.0901455 50
20 -8.461 -9.8 -90 -8.72013 -10.3422 -84.3349 3 -0.412544 0.0901455 25
20 -8.461 -9.8 -90 -8.72013 -10.3422 -84.3349 3 -0.375249 0.0901455 66
20 -8.461 -9.8 -90 -8.72013 -10.3422 -84.3349 3 -0.375249 0.0901455 78
20 -8.461 -9.8 -90 -8.72013 -10.3422 -84.3349 3 -0.337488 0.0901455 63
20 -8.461 -9.8 -90 -8.72013 -10.3422 -84.3349 3 -0.337488 0.0901455 80
20 -8.461 -9.8 -90 -8.72013 -10.3422 -84.3349 3 -0.300131 0.0901455 20
20 -8.461 -9.8 -90 -8.72013 -10.3422 -84.3349 3 -0.262556 0.0901455 44
20 -8.461 -9.8 -90 -8.72013 -10.3422 -84.3349 3 -0.262556 0.0901455 40
20 -8.461 -9.8 -90 -8.72013 -10.3422 -84.3349 3 -0.262556 0.0901455 52
20 -8.461 -9.8 -90 -8.72013 -10.3422 -84.3349 3 -0.262556 0.0901455 37
20 -8.461 -9.8 -90 -8.72013 -10.3422 -84.3349 3 -0.225262 0.0901455 40
20 -8.461 -9.8 -90 -8.72013 -10.3422 -84.3349 3 -0.225262 0.0901455 114
20 -8.461 -9.8 -90 -8.72013 -10.3422 -84.3349 3 -0.225262 0.0901455 28
20 -8.461 -9.8 -90 -8.72013 -10.3422 -84.3349 3 -0.18778 0.0901455 28
20 -8.461 -9.8 -90 -8.72013 -10.3422 -84.3349 3 -0.18778 0.0901455 535
20 -8.461 -9.8 -90 -8.72013 -10.3422 -84.3349 3 -0.18778 0.0901455 229
20 -8.461 -9.8 -90 -8.72013 -10.3422 -84.3349 3 -0.150268 0.0901455 28
20 -8.461 -9.8 -90 -8.72013 -10.3422 -84.3349 3 -0.150268 0.0901455 33
20 -8.461 -9.8 -90 -8.72013 -10.3422 -84.3349 3 -0.150268 0.0901455 79
20 -8.461 -9.8 -90 -8.72013 -10.3422 -84.3349 3 -0.150268 0.0901455 58
20 -8.461 -9.8 -90 -8.72013 -10.3422 -84.3349 3 -0.112475 0.0901455 21
20 -8.461 -9.8 -90 -8.72013 -10.3422 -84.3349 3 -0.0750872 0.0901455 48
20 -8.461 -9.8 -90 -8.72013 -10.3422 -84.3349 3 -0.0750872 0.0901455 54
20 -8.461 -9.8 -90 -8.72013 -10.3422 -84.3349 3 -0.0374192 0.0901455 125
20 -8.461 -9.8 -90 -8.72013 -10.3422 -84.3349 3 -0.0374192 0.0901455 40
20 -8.461 -9.8 -90 -8.72013 -10.3422 -84.3349 3 -0.0374192 0.0901455 86
20 -8.461 -9.8 -90 -8.72013 -10.3422 -84.3349 3 -0.0374192 0.0901455 155
20 -8.461 -9.8 -90 -8.72013 -10.3422 -84.3349 3 9.33146e-05 0.0901455 41
20 -8.461 -9.8 -90 -8.72013 -10.3422 -84.3349 3 9.33146e-05 0.0901455 55
20 -8.461 -9.8 -90 -8.72013 -10.3422 -84.3349 3 9.33146e-05 0.0901455 93
20 -8.461 -9.8 -90 -8.72013 -10.3422 -84.3349 3 9.33146e-05 0.0901455 88
20 -8.461 -9.8 -90 -8.72013 -10.3422 -84.3349 3 0.0375436 0.0901455 26
20 -8.461 -9.8 -90 -8.72013 -10.3422 -84.3349 3 0.0375436 0.0901455 41
20 -8.461 -9.8 -90 -8.72013 -10.3422 -84.3349 3 0.075025 0.0901455 58
20 -8.461 -9.8 -90 -8.72013 -10.3422 -84.3349 3 0.075025 0.0901455 358
20 -8.461 -9.8 -90 -8.72013 -10.3422 -84.3349 3 0.075025 0.0901455 135
20 -8.461 -9.8 -90 -8.72013 -10.3422 -84.3349 3 0.075025 0.0901455 42
20 -8.461 -9.8 -90 -8.72013 -10.3422 -84.3349 3 0.112755 0.0901455 68
20 -8.461 -9.8 -90 -8.72013 -10.3422 -84.3349 3 0.150237 0.0901455 95
20 -8.461 -9.8 -90 -8.72013 -10.3422 -84.3349 3 0.150237 0.0901455 46
20 -8.461 -9.8 -90 -8.72013 -10.3422 -84.3349 3 0.150237 0.0901455 60
20 -8.461 -9.8 -90 -8.72013 -10.3422 -84.3349 3 0.18778 0.0901455 24
20 -8.461 -9.8 -90 -8.72013 -10.3422 -84.3349 3 0.18778 0.0901455 27
20 -8.461 -9.8 -90 -8.72013 -10.3422 -84.3349 3 0.18778 0.0901455 26
20 -8.461 -9.8 -90 -8.72013 -10.3422 -84.3349 3 0.225137 0.0901455 24
20 -8.461 -9.8 -90 -8.72013 -10.3422 -84.3349 3 0.225137 0.0901455 21
20 -8.461 -9.8 -90 -8.72013 -10.3422 -84.3349 3 0.225137 0.0901455 20
20 -8.461 -9.8 -90 -8.72013 -10.3422 -84.3349 3 0.262587 0.0901455 49
20 -8.461 -9.8 -90 -8.72013 -10.3422 -84.3349 3 0.262587 0.0901455 27
20 -8.461 -9.8 -90 -8.72013 -10.3422 -84.3349 3 0.299944 0.0901455 56
20 -8.461 -9.8 -90 -8.72013 -10.3422 -84.3349 3 0.299944 0.0901455 48
20 -8.461 -9.8 -90 -8.72013 -10.3422 -84.3349 3 0.33783 0.0901455 41
20 -8.461 -9.8 -90 -8.72013 -10.3422 -84.3349 3 0.33783 0.0901455 20
20 -8.461 -9.8 -90 -8.72013 -10.3422 -84.3349 3 0.33783 0.0901455 25
20 -8.461 -9.8 -90 -8.72013 -10.3422 -84.3349 3 0.375405 0.0901455 26
20 -8.461 -9.8 -90 -8.72013 -10.3422 -84.3349 3 0.375405 0.0901455 22
20 -8.461 -9.8 -90 -8.72013 -10.3422 -84.3349 3 0.375405 0.0901455 23
20 -8.461 -9.8 -90 -8.72013 -10.3422 -84.3349 3 0.412793 0.0901455 25
20 -8.461 -9.8 -90 -8.72013 -10.3422 -84.3349 3 0.412793 0.0901455 25
20 -8.461 -9.8 -90 -8.72013 -10.3422 -84.3349 3 0.45043 0.0901455 34
20 -8.461 -9.8 -90 -8.72013 -10.3422 -84.3349 3 0.45043 0.0901455 31
20 -8.461 -9.8 -90 -8.72013 -10.3422 -84.3349 3 0.45043 0.0901455 35
20 -8.461 -9.8 -90 -8.72013 -10.3422 -84.3349 3 0.45043 0.0901455 31
20 -8.461 -9.8 -90 -8.72013 -10.3422 -84.3349 3 0.487942 0.0901455 20
20 -8.461 -9.8 -90 -8.72013 -10.3422 -84.3349 3 0.487942 0.0901455 32
20 -8.461 -9.8 -90 -8.72013 -10.3422 -84.3349 3 0.487942 0.0901455 35
20 -8.461 -9.8 -90 -8.72013 -10.3422 -84.3349 3 0.487942 0.0901455 48
20 -8.461 -9.8 -90 -8.72013 -10.3422 -84.3349 3 0.525704 0.0901455 29
20 -8.461 -9.8 -90 -8.72013 -10.3422 -84.3349 3 0.525704 0.0901455 27
20 -8.461 -9.8 -90 -8.72013 -10.3422 -84.3349 3 0.563154 0.0901455 26
20 -8.461 -9.8 -90 -8.72013 -10.3422 -84.3349 3 0.563154 0.0901455 27
20 -8.461 -9.8 -90 -8.72013 -10.3422 -84.3349 3 0.601257 0.0901455 20
20 -8.461 -9.8 -90 -8.72013 -10.3422 -84.3349 3 0.601257 0.0901455 24
20 -8.461 -9.8 -90 -8.72013 -10.3422 -84.3349 3 0.601257 0.0901455 22
20 -8.461 -9.8 -90 -8.72013 -10.3422 -84.3349 3 0.639081 0.0901455 27
20 -8.461 -9.8 -90 -8.72013 -10.3422 -84.3349 3 0.639081 0.0901455 23
20 -8.461 -9.8 -90 -8.72013 -10.3422 -84.3349 3 0.639081 0.0901455 23
20 -8.461 -9.8 -90 -8.72013 -10.3422 -84.3349 3 0.676656 0.0901455 20
20 -8.461 -9.8 -90 -8.72013 -10.3422 -84.3349 3 0.676656 0.0901455 23
20 -8.461 -9.8 -90 -8.72013 -10.3422 -84.3349 3 0.714106 0.0901455 25
20 -8.461 -9.8 -90 -8.72013 -10.3422 -84.3349 3 0.714106 0.0901455 24
20 -8.461 -9.8 -90 -8.72013 -10.3422 -84.3349 3 0.747637 0.0901455 24
20 -8.461 -9.8 -90 -8.72013 -10.3422 -84.3349 3 0.747637 0.0901455 25
20 -8.461 -9.8 -90 -8.72013 -10.3422 -84.3349 3 0.713142 0.0901455 23
20 -8.461 -9.8 -90 -8.72013 -10.3422 -84.3349 3 0.713142 0.0901455 22
20 -8.461 -9.8 -90 -8.72013 -10.3422 -84.3349 3 0.674447 0.0879906 20
21 -8.461 -7.8 -90 -8.43882 -8.35322 -95.5946 3 -0.451456 0.0901455 23
21 -8.461 -7.8 -90 -8.43882 -8.35322 -95.5946 3 -0.451456 0.0901455 21
21 -8.461 -7.8 -90 -8.43882 -8.35322 -95.5946 3 -0.414193 0.0901455 23
21 -8.461 -7.8 -90 -8.43882 -8.35322 -95.5946 3 -0.414193 0.0901455 21
21 -8.461 -7.8 -90 -8.43882 -8.35322 -95.5946 3 -0.414193 0.0901455 22
21 -8.461 -7.8 -90 -8.43882 -8.35322 -95.5946 3 -0.376711 0.0901455 21
21 -8.461 -7.8 -90 -8.43882 -8.35322 -95.5946 3 -0.376711 0.0901455 23
21 -8.461 -7.8 -90 -8.43882 -8.35322 -95.5946 3 -0.376711 0.0901455 24
21 -8.461 -7.8 -90 -8.43882 -8.35322 -95.5946 3 -0.339541 0.0901455 22
21 -8.461 -7.8 -90 -8.43882 -8.35322 -95.5946 3 -0.339541 0.0901455 21
21 -8.461 -7.8 -90 -8.43882 -8.35322 -95.5946 3 -0.339541 0.0901455 23
21 -8.461 -7.8 -90 -8.43882 -8.35322 -95.5946 3 -0.339541 0.0901455 20
21 -8.461 -7.8 -90 -8.43882 -8.35322 -95.5946 3 -0.301562 0.0901455 23
21 -8.461 -7.8 -90 -8.43882 -8.35322 -95.5946 3 -0.301562 0.0901455 24
21 -8.461 -7.8 -90 -8.43882 -8.35322 -95.5946 3 -0.301562 0.0901455 22
21 -8.461 -7.8 -90 -8.43882 -8.35322 -95.5946 3 -0.301562 0.0901455 22
21 -8.461 -7.8 -90 -8.43882 -8.35322 -95.5946 3 -0.264267 0.0901455 24
21 -8.461 -7.8 -90 -8.43882 -8.35322 -95.5946 3 -0.264267 0.0901455 26
21 -8.461 -7.8 -90 -8.43882 -8.35322 -95.5946 3 -0.264267 0.0901455 26
21 -8.461 -7.8 -90 -8.43882 -8.35322 -95.5946 3 -0.226132 0.0901455 24
21 -8.461 -7.8 -90 -8.43882 -8.35322 -95.5946 3 -0.226132 0.0901455 20
21 -8.461 -7.8 -90 -8.43882 -8.35322 -95.5946 3 -0.226132 0.0901455 23
21 -8.461 -7.8 -90 -8.43882 -8.35322 -95.5946 3 -0.18806 0.0901455 24
21 -8.461 -7.8 -90 -8.43882 -8.35322 -95.5946 3 -0.18806 0.0901455 24
21 -8.461 -7.8 -90 -8.43882 -8.35322 -95.5946 3 -0.18806 0.0901455 25
21 -8.461 -7.8 -90 -8.43882 -8.35322 -95.5946 3 -0.18806 0.0901455 23
21 -8.461 -7.8 -90 -8.43882 -8.35322 -95.5946 3 -0.150765 0.0901455 23
21 -8.461 -7.8 -90 -8.43882 -8.35322 -95.5946 3 -0.150765 0.0901455 25
21 -8.461 -7.8 -90 -8.43882 -8.35322 -95.5946 3 -0.113097 0.0901455 25
21 -8.461 -7.8 -90 -8.43882 -8.35322 -95.5946 3 -0.113097 0.0901455 24
21 -8.461 -7.8 -90 -8.43882 -8.35322 -95.5946 3 -0.0751805 0.0901455 25
21 -8.461 -7.8 -90 -8.43882 -8.35322 -95.5946 3 -0.0751805 0.0901455 23
21 -8.461 -7.8 -90 -8.43882 -8.35322 -95.5946 3 -0.0751805 0.0901455 24
21 -8.461 -7.8 -90 -8.43882 -8.35322 -95.5946 3 -0.0751805 0.0901455 27
21 -8.461 -7.8 -90 -8.43882 -8.35322 -95.5946 3 -0.0374192 0.0901455 24
21 -8.461 -7.8 -90 -8.43882 -8.35322 -95.5946 3 -0.0374192 0.0901455 21
21 -8.461 -7.8 -90 -8.43882 -8.35322 -95.5946 3 -0.0374192 0.0901455 22
21 -8.461 -7.8 -90 -8.43882 -8.35322 -95.5946 3 -0.0374192 0.0901455 25
21 -8.461 -7.8 -90 -8.43882 -8.35322 -95.5946 3 0.00012442 0.0901455 22
21 -8.461 -7.8 -90 -8.43882 -8.35322 -95.5946 3 0.00012442 0.0901455 22
21 -8.461 -7.8 -90 -8.43882 -8.35322 -95.5946 3 0.00012442 0.0901455 24
21 -8.461 -7.8 -90 -8.43882 -8.35322 -95.5946 3 0.0377613 0.0901455 23
21 -8.461 -7.8 -90 -8.43882 -8.35322 -95.5946 3 0.0377613 0.0901455 21
21 -8.461 -7.8 -90 -8.43882 -8.35322 -95.5946 3 0.0377613 0.0901455 22
21 -8.461 -7.8 -90 -8.43882 -8.35322 -95.5946 3 0.0377613 0.0901455 24
21 -8.461 -7.8 -90 -8.43882 -8.35322 -95.5946 3 0.0754293 0.0901455 24
21 -8.461 -7.8 -90 -8.43882 -8.35322 -95.5946 3 0.0754293 0.0901455 121
21 -8.461 -7.8 -90 -8.43882 -8.35322 -95.5946 3 0.112973 0.0901455 124
21 -8.461 -7.8 -90 -8.43882 -8.35322 -95.5946 3 0.112973 0.0901455 38
21 -8.461 -7.8 -90 -8.43882 -8.35322 -95.5946 3 0.112973 0.0901455 25
21 -8.461 -7.8 -90 -8.43882 -8.35322 -95.5946 3 0.150454 0.0901455 23
21 -8.461 -7.8 -90 -8.43882 -8.35322 -95.5946 3 0.150454 0.0901455 28
21 -8.461 -7.8 -90 -8.43882 -8.35322 -95.5946 3 0.150454 0.0901455 28
21 -8.461 -7.8 -90 -8.43882 -8.35322 -95.5946 3 0.150454 0.0901455 30
21 -8.461 -7.8 -90 -8.43882 -8.35322 -95.5946 3 0.188216 0.0901455 23
21 -8.461 -7.8 -90 -8.43882 -8.35322 -95.5946 3 0.188216 0.0901455 21
21 -8.461 -7.8 -90 -8.43882 -8.35322 -95.5946 3 0.188216 0.0901455 25
21 -8.461 -7.8 -90 -8.43882 -8.35322 -95.5946 3 0.188216 0.0901455 23
21 -8.461 -7.8 -90 -8.43882 -8.35322 -95.5946 3 0.226164 0.0901455 26
21 -8.461 -7.8 -90 -8.43882 -8.35322 -95.5946 3 0.226164 0.0901455 23
21 -8.461 -7.8 -90 -8.43882 -8.35322 -95.5946 3 0.264391 0.0901455 25
21 -8.461 -7.8 -90 -8.43882 -8.35322 -95.5946 3 0.264391 0.0901455 22
21 -8.461 -7.8 -90 -8.43882 -8.35322 -95.5946 3 0.301966 0.0901455 23
21 -8.461 -7.8 -90 -8.43882 -8.35322 -95.5946 3 0.301966 0.0901455 34
21 -8.461 -7.8 -90 -8.43882 -8.35322 -95.5946 3 0.301966 0.0901455 31
21 -8.461 -7.8 -90 -8.43882 -8.35322 -95.5946 3 0.339448 0.0901455 23
21 -8.461 -7.8 -90 -8.43882 -8.35322 -95.5946 3 0.339448 0.0901455 20
21 -8.461 -7.8 -90 -8.43882 -8.35322 -95.5946 3 0.339448 0.0901455 27
21 -8.461 -7.8 -90 -8.43882 -8.35322 -95.5946 3 0.377084 0.0901455 24
21 -8.461 -7.8 -90 -8.43882 -8.35322 -95.5946 3 0.377084 0.0901455 26
21 -8.461 -7.8 -90 -8.43882 -8.35322 -95.5946 3 0.377084 0.0901455 24
21 -8.461 -7.8 -90 -8.43882 -8.35322 -95.5946 3 0.377084 0.0901455 62
21 -8.461 -7.8 -90 -8.43882 -8.35322 -95.5946 3 0.415312 0.0901455 84
21 -8.461 -7.8 -90 -8.43882 -8.35322 -95.5946 3 0.415312 0.0901455 47
21 -8.461 -7.8 -90 -8.43882 -8.35322 -95.5946 3 0.415312 0.0901455 41
21 -8.461 -7.8 -90 -8.43882 -8.35322 -95.5946 3 0.453229 0.0901455 31
21 -8.461 -7.8 -90 -8.43882 -8.35322 -95.5946 3 0.453229 0.0901455 43
21 -8.461 -7.8 -90 -8.43882 -8.35322 -95.5946 3 0.490804 0.0901455 63
21 -8.461 -7.8 -90 -8.43882 -8.35322 -95.5946 3 0.490804 0.0901455 46
21 -8.461 -7.8 -90 -8.43882 -8.35322 -95.5946 3 0.490804 0.0901455 34
21 -8.461 -7.8 -90 -8.43882 -8.35322 -95.5946 3 0.490804 0.0901455 28
21 -8.461 -7.8 -90 -8.43882 -8.35322 -95.5946 3 0.529405 0.0901455 26
21 -8.461 -7.8 -90 -8.43882 -8.35322 -95.5946 3 0.529405 0.0901455 35
21 -8.461 -7.8 -90 -8.43882 -8.35322 -95.5946 3 0.529405 0.0901455 31
21 -8.461 -7.8 -90 -8.43882 -8.35322 -95.5946 3 0.567322 0.0901455 64
21 -8.461 -7.8 -90 -8.43882 -8.35322 -95.5946 3 0.567322 0.0901455 53
21 -8.461 -7.8 -90 -8.43882 -8.35322 -95.5946 3 0.567322 0.0901455 45
21 -8.461 -7.8 -90 -8.43882 -8.35322 -95.5946 3 0.60499 0.0901455 35
21 -8.461 -7.8 -90 -8.43882 -8.35322 -95.5946 3 0.60499 0.0901455 25
22 -8.461 -3.3 -90 -8.40376 -3.8382 -85.4827 3 -0.410895 0.0901455 21
22 -8.461 -3.3 -90 -8.40376 -3.8382 -85.4827 3 -0.372481 0.0901455 29
22 -8.461 -3.3 -90 -8.40376 -3.8382 -85.4827 3 -0.372481 0.0901455 40
22 -8.461 -3.3 -90 -8.40376 -3.8382 -85.4827 3 -0.372481 0.0901455 39
22 -8.461 -3.3 -90 -8.40376 -3.8382 -85.4827 3 -0.33472 0.0901455 37
22 -8.461 -3.3 -90 -8.40376 -3.8382 -85.4827 3 -0.33472 0.0901455 49
22 -8.461 -3.3 -90 -8.40376 -3.8382 -85.4827 3 -0.33472 0.0901455 47
22 -8.461 -3.3 -90 -8.40376 -3.8382 -85.4827 3 -0.33472 0.0901455 39
22 -8.461 -3.3 -90 -8.40376 -3.8382 -85.4827 3 -0.297269 0.0901455 46
22 -8.461 -3.3 -90 -8.40376 -3.8382 -85.4827 3 -0.297269 0.0901455 31
22 -8.461 -3.3 -90 -8.40376 -3.8382 -85.4827 3 -0.297269 0.0901455 31
22 -8.461 -3.3 -90 -8.40376 -3.8382 -85.4827 3 -0.297269 0.0901455 39
22 -8.461 -3.3 -90 -8.40376 -3.8382 -85.4827 3 -0.259881 0.0901455 43
22 -8.461 -3.3 -90 -8.40376 -3.8382 -85.4827 3 -0.259881 0.0901455 45
22 -8.461 -3.3 -90 -8.40376 -3.8382 -85.4827 3 -0.259881 0.0901455 40
22 -8.461 -3.3 -90 -8.40376 -3.8382 -85.4827 3 -0.222493 0.0901455 32
22 -8.461 -3.3 -90 -8.40376 -3.8382 -85.4827 3 -0.222493 0.0901455 34
22 -8.461 -3.3 -90 -8.40376 -3.8382 -85.4827 3 -0.222493 0.0901455 34
22 -8.461 -3.3 -90 -8.40376 -3.8382 -85.4827 3 -0.184887 0.0901455 35
22 -8.461 -3.3 -90 -8.40376 -3.8382 -85.4827 3 -0.184887 0.0901455 45
22 -8.461 -3.3 -90 -8.40376 -3.8382 -85.4827 3 -0.184887 0.0901455 46
22 -8.461 -3.3 -90 -8.40376 -3.8382 -85.4827 3 -0.184887 0.0901455 57
22 -8.461 -3.3 -90 -8.40376 -3.8382 -85.4827 3 -0.147686 0.0901455 104
22 -8.461 -3.3 -90 -8.40376 -3.8382 -85.4827 3 -0.147686 0.0901455 169
22 -8.461 -3.3 -90 -8.40376 -3.8382 -85.4827 3 -0.147686 0.0901455 144
22 -8.461 -3.3 -90 -8.40376 -3.8382 -85.4827 3 -0.110173 0.0901455 61
22 -8.461 -3.3 -90 -8.40376 -3.8382 -85.4827 3 -0.110173 0.0901455 38
22 -8.461 -3.3 -90 -8.40376 -3.8382 -85.4827 3 -0.110173 0.0901455 30
22 -8.461 -3.3 -90 -8.40376 -3.8382 -85.4827 3 -0.110173 0.0901455 36
22 -8.461 -3.3 -90 -8.40376 -3.8382 -85.4827 3 -0.0730032 0.0901455 42
22 -8.461 -3.3 -90 -8.40376 -3.8382 -85.4827 3 -0.0730032 0.0901455 39
22 -8.461 -3.3 -90 -8.40376 -3.8382 -85.4827 3 -0.0730032 0.0901455 38
22 -8.461 -3.3 -90 -8.40376 -3.8382 -85.4827 3 -0.0730032 0.0901455 48
22 -8.461 -3.3 -90 -8.40376 -3.8382 -85.4827 3 -0.035584 0.0901455 48
22 -8.461 -3.3 -90 -8.40376 -3.8382 -85.4827 3 -0.035584 0.0901455 39
22 -8.461 -3.3 -90 -8.40376 -3.8382 -85.4827 3 -0.035584 0.0901455 40
22 -8.461 -3.3 -90 -8.40376 -3.8382 -85.4827 3 0.00202182 0.0901455 31
22 -8.461 -3.3 -90 -8.40376 -3.8382 -85.4827 3 0.00202182 0.0901455 42
22 -8.461 -3.3 -90 -8.40376 -3.8382 -85.4827 3 0.00202182 0.0901455 48
22 -8.461 -3.3 -90 -8.40376 -3.8382 -85.4827 3 0.00202182 0.0901455 46
22 -8.461 -3.3 -90 -8.40376 -3.8382 -85.4827 3 0.039441 0.0901455 30
22 -8.461 -3.3 -90 -8.40376 -3.8382 -85.4827 3 0.039441 0.0901455 43
22 -8.461 -3.3 -90 -8.40376 -3.8382 -85.4827 3 0.039441 0.0901455 44
22 -8.461 -3.3 -90 -8.40376 -3.8382 -85.4827 3 0.039441 0.0901455 28
22 -8.461 -3.3 -90 -8.40376 -3.8382 -85.4827 3 0.0769846 0.0901455 24
22 -8.461 -3.3 -90 -8.40376 -3.8382 -85.4827 3 0.0769846 0.0901455 21
22 -8.461 -3.3 -90 -8.40376 -3.8382 -85.4827 3 0.11487 0.0901455 20
22 -8.461 -3.3 -90 -8.40376 -3.8382 -85.4827 3 0.11487 0.0901455 21
22 -8.461 -3.3 -90 -8.40376 -3.8382 -85.4827 3 0.340754 0.0901455 20
23 -7.461 -1.8 0 -7.76125 -2.36873 3.51608 3 -0.490742 0.0901455 20
23 -7.461 -1.8 0 -7.76125 -2.36873 3.51608 3 -0.265542 0.0901455 22
23 -7.461 -1.8 0 -7.76125 -2.36873 3.51608 3 -0.190673 0.0901455 40
23 -7.461 -1.8 0 -7.76125 -2.36873 3.51608 3 -0.153347 0.0901455 42
23 -7.461 -1.8 0 -7.76125 -2.36873 3.51608 3 -0.153347 0.0901455 58
23 -7.461 -1.8 0 -7.76125 -2.36873 3.51608 3 -0.153347 0.0901455 80
23 -7.461 -1.8 0 -7.76125 -2.36873 3.51608 3 -0.153347 0.0901455 69
23 -7.461 -1.8 0 -7.76125 -2.36873 3.51608 3 -0.115648 0.0901455 62
23 -7.461 -1.8 0 -7.76125 -2.36873 3.51608 3 -0.115648 0.0901455 63
23 -7.461 -1.8 0 -7.76125 -2.36873 3.51608 3 -0.115648 0.0901455 55
23 -7.461 -1.8 0 -7.76125 -2.36873 3.51608 3 -0.115648 0.0901455 57
23 -7.461 -1.8 0 -7.76125 -2.36873 3.51608 3 -0.0781355 0.0901455 61
23 -7.461 -1.8 0 -7.76125 -2.36873 3.51608 3 -0.0781355 0.0901455 59
23 -7.461 -1.8 0 -7.76125 -2.36873 3.51608 3 -0.0781355 0.0901455 65
23 -7.461 -1.8 0 -7.76125 -2.36873 3.51608 3 -0.0781355 0.0901455 46
23 -7.461 -1.8 0 -7.76125 -2.36873 3.51608 3 -0.0409029 0.0901455 57
23 -7.461 -1.8 0 -7.76125 -2.36873 3.51608 3 -0.0409029 0.0901455 60
23 -7.461 -1.8 0 -7.76125 -2.36873 3.51608 3 -0.0409029 0.0901455 59
23 -7.461 -1.8 0 -7.76125 -2.36873 3.51608 3 -0.00332822 0.0901455 53
23 -7.461 -1.8 0 -7.76125 -2.36873 3.51608 3 -0.00332822 0.0901455 56
23 -7.461 -1.8 0 -7.76125 -2.36873 3.51608 3 -0.00332822 0.0901455 51
23 -7.461 -1.8 0 -7.76125 -2.36873 3.51608 3 -0.00332822 0.0901455 43
23 -7.461 -1.8 0 -7.76125 -2.36873 3.51608 3 0.0345264 0.0901455 36
23 -7.461 -1.8 0 -7.76125 -2.36873 3.51608 3 0.0345264 0.0901455 36
23 -7.461 -1.8 0 -7.76125 -2.36873 3.51608 3 0.0345264 0.0901455 40
23 -7.461 -1.8 0 -7.76125 -2.36873 3.51608 3 0.0345264 0.0901455 38
23 -7.461 -1.8 0 -7.76125 -2.36873 3.51608 3 0.0721011 0.0901455 34
23 -7.461 -1.8 0 -7.76125 -2.36873 3.51608 3 0.0721011 0.0901455 21
23 -7.461 -1.8 0 -7.76125 -2.36873 3.51608 3 0.0721011 0.0901455 38
23 -7.461 -1.8 0 -7.76125 -2.36873 3.51608 3 0.109551 0.0901455 38
23 -7.461 -1.8 0 -7.76125 -2.36873 3.51608 3 0.109551 0.0901455 48
23 -7.461 -1.8 0 -7.76125 -2.36873 3.51608 3 0.109551 0.0901455 46
23 -7.461 -1.8 0 -7.76125 -2.36873 3.51608 3 0.109551 0.0901455 359
23 -7.461 -1.8 0 -7.76125 -2.36873 3.51608 3 0.146971 0.0901455 751
23 -7.461 -1.8 0 -7.76125 -2.36873 3.51608 3 0.146971 0.0901455 69
23 -7.461 -1.8 0 -7.76125 -2.36873 3.51608 3 0.146971 0.0901455 36
23 -7.461 -1.8 0 -7.76125 -2.36873 3.51608 3 0.146971 0.0901455 42
23 -7.461 -1.8 0 -7.76125 -2.36873 3.51608 3 0.184545 0.0901455 45
23 -7.461 -1.8 0 -7.76125 -2.36873 3.51608 3 0.184545 0.0901455 42
23 -7.461 -1.8 0 -7.76125 -2.36873 3.51608 3 0.184545 0.0901455 42
23 -7.461 -1.8 0 -7.76125 -2.36873 3.51608 3 0.222151 0.0901455 48
23 -7.461 -1.8 0 -7.76125 -2.36873 3.51608 3 0.222151 0.0901455 47
23 -7.461 -1.8 0 -7.76125 -2.36873 3.51608 3 0.222151 0.0901455 42
23 -7.461 -1.8 0 -7.76125 -2.36873 3.51608 3 0.222151 0.0901455 52
23 -7.461 -1.8 0 -7.76125 -2.36873 3.51608 3 0.259508 0.0901455 39
23 -7.461 -1.8 0 -7.76125 -2.36873 3.51608 3 0.259508 0.0901455 54
23 -7.461 -1.8 0 -7.76125 -2.36873 3.51608 3 0.259508 0.0901455 23
23 -7.461 -1.8 0 -7.76125 -2.36873 3.51608 3 0.259508 0.0901455 31
23 -7.461 -1.8 0 -7.76125 -2.36873 3.51608 3 0.2973 0.0901455 30
23 -7.461 -1.8 0 -7.76125 -2.36873 3.51608 3 0.2973 0.0901455 35
23 -7.461 -1.8 0 -7.76125 -2.36873 3.51608 3 0.2973 0.0901455 32
23 -7.461 -1.8 0 -7.76125 -2.36873 3.51608 3 0.33472 0.0901455 21
23 -7.461 -1.8 0 -7.76125 -2.36873 3.51608 3 0.33472 0.0901455 26
23 -7.461 -1.8 0 -7.76125 -2.36873 3.51608 3 0.33472 0.0901455 21
23 -7.461 -1.8 0 -7.76125 -2.36873 3.51608 3 0.372294 0.0901455 36
23 -7.461 -1.8 0 -7.76125 -2.36873 3.51608 3 0.372294 0.0901455 31
23 -7.461 -1.8 0 -7.76125 -2.36873 3.51608 3 0.372294 0.0901455 33
23 -7.461 -1.8 0 -7.76125 -2.36873 3.51608 3 0.410584 0.0901455 25
23 -7.461 -1.8 0 -7.76125 -2.36873 3.51608 3 0.410584 0.0901455 28
23 -7.461 -1.8 0 -7.76125 -2.36873 3.51608 3 0.410584 0.0901455 22
23 -7.461 -1.8 0 -7.76125 -2.36873 3.51608 3 0.410584 0.0901455 25
23 -7.461 -1.8 0 -7.76125 -2.36873 3.51608 3 0.448066 0.0901455 27
23 -7.461 -1.8 0 -7.76125 -2.36873 3.51608 3 0.448066 0.0901455 20
23 -7.461 -1.8 0 -7.76125 -2.36873 3.51608 3 0.448066 0.0901455 27
23 -7.461 -1.8 0 -7.76125 -2.36873 3.51608 3 0.485578 0.0901455 23
23 -7.461 -1.8 0 -7.76125 -2.36873 3.51608 3 0.485578 0.0901455 26
23 -7.461 -1.8 0 -7.76125 -2.36873 3.51608 3 0.485578 0.0901455 26
23 -7.461 -1.8 0 -7.76125 -2.36873 3.51608 3 0.485578 0.0901455 24
23 -7.461 -1.8 0 -7.76125 -2.36873 3.51608 3 0.523122 0.0901455 32
23 -7.461 -1.8 0 -7.76125 -2.36873 3.51608 3 0.523122 0.0901455 24
23 -7.461 -1.8 0 -7.76125 -2.36873 3.51608 3 0.523122 0.0901455 32
23 -7.461 -1.8 0 -7.76125 -2.36873 3.51608 3 0.523122 0.0901455 26
23 -7.461 -1.8 0 -7.76125 -2.36873 3.51608 3 0.560572 0.0901455 28
23 -7.461 -1.8 0 -7.76125 -2.36873 3.51608 3 0.560572 0.0901455 26
23 -7.461 -1.8 0 -7.76125 -2.36873 3.51608 3 0.560572 0.0901455 24
23 -7.461 -1.8 0 -7.76125 -2.36873 3.51608 3 0.598458 0.0901455 26
23 -7.461 -1.8 0 -7.76125 -2.36873 3.51608 3 0.598458 0.0901455 25
23 -7.461 -1.8 0 -7.76125 -2.36873 3.51608 3 0.598458 0.0901455 25
23 -7.461 -1.8 0 -7.76125 -2.36873 3.51608 3 0.598458 0.0901455 25
23 -7.461 -1.8 0 -7.76125 -2.36873 3.51608 3 0.636064 0.0901455 29
23 -7.461 -1.8 0 -7.76125 -2.36873 3.51608 3 0.636064 0.0901455 29
23 -7.461 -1.8 0 -7.76125 -2.36873 3.51608 3 0.636064 0.0901455 27
23 -7.461 -1.8 0 -7.76125 -2.36873 3.51608 3 0.636064 0.0901455 28
23 -7.461 -1.8 0 -7.76125 -2.36873 3.51608 3 0.673545 0.0901455 30
23 -7.461 -1.8 0 -7.76125 -2.36873 3.51608 3 0.673545 0.0901455 28
23 -7.461 -1.8 0 -7.76125 -2.36873 3.51608 3 0.673545 0.0901455 23
23 -7.461 -1.8 0 -7.76125 -2.36873 3.51608 3 0.746486 0.0901455 20
23 -7.461 -1.8 0 -7.76125 -2.36873 3.51608 3 0.746486 0.0901455 21
23 -7.461 -1.8 0 -7.76125 -2.36873 3.51608 3 0.771214 0.0901455 20
23 -7.461 -1.8 0 -7.76125 -2.36873 3.51608 3 0.747481 0.0901455 21
24 -3.461 -0.8 180 -4.08509 -0.88398 177.966 3 -0.71703 0.0901455 21
24 -3.461 -0.8 180 -4.08509 -0.88398 177.966 3 -0.605332 0.0901455 24
24 -3.461 -0.8 180 -4.08509 -0.88398 177.966 3 -0.567384 0.0901455 20
24 -3.461 -0.8 180 -4.08509 -0.88398 177.966 3 -0.455127 0.0901455 20
24 -3.461 -0.8 180 -4.08509 -0.88398 177.966 3 -0.455127 0.0901455 24
24 -3.461 -0.8 180 -4.08509 -0.88398 177.966 3 -0.417925 0.0901455 30
24 -3.461 -0.8 180 -4.08509 -0.88398 177.966 3 -0.380537 0.0901455 22
24 -3.461 -0.8 180 -4.08509 -0.88398 177.966 3 -0.380537 0.0901455 20
24 -3.461 -0.8 180 -4.08509 -0.88398 177.966 3 -0.380537 0.0901455 25
24 -3.461 -0.8 180 -4.08509 -0.88398 177.966 3 -0.380537 0.0901455 34
24 -3.461 -0.8 180 -4.08509 -0.88398 177.966 3 -0.343118 0.0901455 20
24 -3.461 -0.8 180 -4.08509 -0.88398 177.966 3 -0.343118 0.0901455 23
24 -3.461 -0.8 180 -4.08509 -0.88398 177.966 3 -0.305823 0.0901455 43
24 -3.461 -0.8 180 -4.08509 -0.88398 177.966 3 -0.305823 0.0901455 20
24 -3.461 -0.8 180 -4.08509 -0.88398 177.966 3 -0.268435 0.0901455 32
24 -3.461 -0.8 180 -4.08509 -0.88398 177.966 3 -0.268435 0.0901455 36
24 -3.461 -0.8 180 -4.08509 -0.88398 177.966 3 -0.268435 0.0901455 30
24 -3.461 -0.8 180 -4.08509 -0.88398 177.966 3 -0.230954 0.0901455 31
24 -3.461 -0.8 180 -4.08509 -0.88398 177.966 3 -0.230954 0.0901455 32
24 -3.461 -0.8 180 -4.08509 -0.88398 177.966 3 -0.230954 0.0901455 50
24 -3.461 -0.8 180 -4.08509 -0.88398 177.966 3 -0.230954 0.0901455 42
24 -3.461 -0.8 180 -4.08509 -0.88398 177.966 3 -0.193597 0.0901455 39
24 -3.461 -0.8 180 -4.08509 -0.88398 177.966 3 -0.193597 0.0901455 25
24 -3.461 -0.8 180 -4.08509 -0.88398 177.966 3 -0.193597 0.0901455 28
24 -3.461 -0.8 180 -4.08509 -0.88398 177.966 3 -0.156115 0.0901455 48
24 -3.461 -0.8 180 -4.08509 -0.88398 177.966 3 -0.156115 0.0901455 54
24 -3.461 -0.8 180 -4.08509 -0.88398 177.966 3 -0.156115 0.0901455 35
24 -3.461 -0.8 180 -4.08509 -0.88398 177.966 3 -0.156115 0.0901455 54
24 -3.461 -0.8 180 -4.08509 -0.88398 177.966 3 -0.118821 0.0901455 65
24 -3.461 -0.8 180 -4.08509 -0.88398 177.966 3 -0.118821 0.0901455 47
24 -3.461 -0.8 180 -4.08509 -0.88398 177.966 3 -0.118821 0.0901455 45
24 -3.461 -0.8 180 -4.08509 -0.88398 177.966 3 -0.118821 0.0901455 51
24 -3.461 -0.8 180 -4.08509 -0.88398 177.966 3 -0.0814015 0.0901455 37
24 -3.461 -0.8 180 -4.08509 -0.88398 177.966 3 -0.0814015 0.0901455 39
24 -3.461 -0.8 180 -4.08509 -0.88398 177.966 3 -0.0814015 0.0901455 45
24 -3.461 -0.8 180 -4.08509 -0.88398 177.966 3 -0.0814015 0.0901455 42
24 -3.461 -0.8 180 -4.08509 -0.88398 177.966 3 -0.0440134 0.0901455 34
24 -3.461 -0.8 180 -4.08509 -0.88398 177.966 3 -0.0440134 0.0901455 27
24 -3.461 -0.8 180 -4.08509 -0.88398 177.966 3 -0.00659423 0.0901455 25
24 -3.461 -0.8 180 -4.08509 -0.88398 177.966 3 -0.00659423 0.0901455 27
24 -3.461 -0.8 180 -4.08509 -0.88398 177.966 3 -0.00659423 0.0901455 39
24 -3.461 -0.8 180 -4.08509 -0.88398 177.966 3 -0.00659423 0.0901455 31
24 -3.461 -0.8 180 -4.08509 -0.88398 177.966 3 0.0310116 0.0901455 29
24 -3.461 -0.8 180 -4.08509 -0.88398 177.966 3 0.0310116 0.0901455 42
24 -3.461 -0.8 180 -4.08509 -0.88398 177.966 3 0.0310116 0.0901455 26
24 -3.461 -0.8 180 -4.08509 -0.88398 177.966 3 0.0310116 0.0901455 34
24 -3.461 -0.8 180 -4.08509 -0.88398 177.966 3 0.068524 0.0901455 35
24 -3.461 -0.8 180 -4.08509 -0.88398 177.966 3 0.068524 0.0901455 44
24 -3.461 -0.8 180 -4.08509 -0.88398 177.966 3 0.068524 0.0901455 34
24 -3.461 -0.8 180 -4.08509 -0.88398 177.966 3 0.106721 0.0901455 35
24 -3.461 -0.8 180 -4.08509 -0.88398 177.966 3 0.106721 0.0901455 35
24 -3.461 -0.8 180 -4.08509 -0.88398 177.966 3 0.106721 0.0901455 37
24 -3.461 -0.8 180 -4.08509 -0.88398 177.966 3 0.106721 0.0901455 37
24 -3.461 -0.8 180 -4.08509 -0.88398 177.966 3 0.144451 0.0901455 35
24 -3.461 -0.8 180 -4.08509 -0.88398 177.966 3 0.144451 0.0901455 37
24 -3.461 -0.8 180 -4.08509 -0.88398 177.966 3 0.144451 0.0901455 34
24 -3.461 -0.8 180 -4.08509 -0.88398 177.966 3 0.144451 0.0901455 31
24 -3.461 -0.8 180 -4.08509 -0.88398 177.966 3 0.182586 0.0901455 36
24 -3.461 -0.8 180 -4.08509 -0.88398 177.966 3 0.182586 0.0901455 34
24 -3.461 -0.8 180 -4.08509 -0.88398 177.966 3 0.182586 0.0901455 33
24 -3.461 -0.8 180 -4.08509 -0.88398 177.966 3 0.182586 0.0901455 34
24 -3.461 -0.8 180 -4.08509 -0.88398 177.966 3 0.220191 0.0901455 37
24 -3.461 -0.8 180 -4.08509 -0.88398 177.966 3 0.220191 0.0901455 49
24 -3.461 -0.8 180 -4.08509 -0.88398 177.966 3 0.220191 0.0901455 50
24 -3.461 -0.8 180 -4.08509 -0.88398 177.966 3 0.257704 0.0901455 56
24 -3.461 -0.8 180 -4.08509 -0.88398 177.966 3 0.257704 0.0901455 37
24 -3.461 -0.8 180 -4.08509 -0.88398 177.966 3 0.257704 0.0901455 31
24 -3.461 -0.8 180 -4.08509 -0.88398 177.966 3 0.257704 0.0901455 20
24 -3.461 -0.8 180 -4.08509 -0.88398 177.966 3 0.295683 0.0901455 34
24 -3.461 -0.8 180 -4.08509 -0.88398 177.966 3 0.295683 0.0901455 27
24 -3.461 -0.8 180 -4.08509 -0.88398 177.966 3 0.295683 0.0901455 25
24 -3.461 -0.8 180 -4.08509 -0.88398 177.966 3 0.295683 0.0901455 23
24 -3.461 -0.8 180 -4.08509 -0.88398 177.966 3 0.333164 0.0901455 29
24 -3.461 -0.8 180 -4.08509 -0.88398 177.966 3 0.333164 0.0901455 21
24 -3.461 -0.8 180 -4.08509 -0.88398 177.966 3 0.370584 0.0901455 26
24 -3.461 -0.8 180 -4.08509 -0.88398 177.966 3 0.370584 0.0901455 21
24 -3.461 -0.8 180 -4.08509 -0.88398 177.966 3 0.370584 0.0901455 20
24 -3.461 -0.8 180 -4.08509 -0.88398 177.966 3 0.370584 0.0901455 23
24 -3.461 -0.8 180 -4.08509 -0.88398 177.966 3 0.408003 0.0901455 25
24 -3.461 -0.8 180 -4.08509 -0.88398 177.966 3 0.408003 0.0901455 20
24 -3.461 -0.8 180 -4.08509 -0.88398 177.966 3 0.408003 0.0901455 29
24 -3.461 -0.8 180 -4.08509 -0.88398 177.966 3 0.408003 0.0901455 26
24 -3.461 -0.8 180 -4.08509 -0.88398 177.966 3 0.446884 0.0901455 20
24 -3.461 -0.8 180 -4.08509 -0.88398 177.966 3 0.446884 0.0901455 21
24 -3.461 -0.8 180 -4.08509 -0.88398 177.966 3 0.446884 0.0901455 31
24 -3.461 -0.8 180 -4.08509 -0.88398 177.966 3 0.446884 0.0901455 30
24 -3.461 -0.8 180 -4.08509 -0.88398 177.966 3 0.484552 0.0901455 34
24 -3.461 -0.8 180 -4.08509 -0.88398 177.966 3 0.484552 0.0901455 38
24 -3.461 -0.8 180 -4.08509 -0.88398 177.966 3 0.484552 0.0901455 36
24 -3.461 -0.8 180 -4.08509 -0.88398 177.966 3 0.522251 0.0901455 33
24 -3.461 -0.8 180 -4.08509 -0.88398 177.966 3 0.522251 0.0901455 29
24 -3.461 -0.8 180 -4.08509 -0.88398 177.966 3 0.522251 0.0901455 34
24 -3.461 -0.8 180 -4.08509 -0.88398 177.966 3 0.522251 0.0901455 31
24 -3.461 -0.8 180 -4.08509 -0.88398 177.966 3 0.559981 0.0901455 30
24 -3.461 -0.8 180 -4.08509 -0.88398 177.966 3 0.559981 0.0901455 35
24 -3.461 -0.8 180 -4.08509 -0.88398 177.966 3 0.559981 0.0901455 38
24 -3.461 -0.8 180 -4.08509 -0.88398 177.966 3 0.559981 0.0901455 31
24 -3.461 -0.8 180 -4.08509 -0.88398 177.966 3 0.598022 0.0901455 33
24 -3.461 -0.8 180 -4.08509 -0.88398 177.966 3 0.598022 0.0901455 32
24 -3.461 -0.8 180 -4.08509 -0.88398 177.966 3 0.598022 0.0901455 36
24 -3.461 -0.8 180 -4.08509 -0.88398 177.966 3 0.635473 0.0901455 40
24 -3.461 -0.8 180 -4.08509 -0.88398 177.966 3 0.635473 0.0901455 25
24 -3.461 -0.8 180 -4.08509 -0.88398 177.966 3 0.635473 0.0901455 22
24 -3.461 -0.8 180 -4.08509 -0.88398 177.966 3 0.635473 0.0901455 27
24 -3.461 -0.8 180 -4.08509 -0.88398 177.966 3 0.672923 0.0901455 29
24 -3.461 -0.8 180 -4.08509 -0.88398 177.966 3 0.672923 0.0901455 24
24 -3.461 -0.8 180 -4.08509 -0.88398 177.966 3 0.672923 0.0901455 22
24 -3.461 -0.8 180 -4.08509 -0.88398 177.966 3 0.672923 0.0901455 24
24 -3.461 -0.8 180 -4.08509 -0.88398 177.966 3 0.710591 0.0901455 26
24 -3.461 -0.8 180 -4.08509 -0.88398 177.966 3 0.710591 0.0901455 27
24 -3.461 -0.8 180 -4.08509 -0.88398 177.966 3 0.710591 0.0901455 29
24 -3.461 -0.8 180 -4.08509 -0.88398 177.966 3 0.710591 0.0901455 31
24 -3.461 -0.8 180 -4.08509 -0.88398 177.966 3 0.745584 0.0901455 29
24 -3.461 -0.8 180 -4.08509 -0.88398 177.966 3 0.745584 0.0901455 29
24 -3.461 -0.8 180 -4.08509 -0.88398 177.966 3 0.745584 0.0901455 34
24 -3.461 -0.8 180 -4.08509 -0.88398 177.966 3 0.76997 0.0901455 36
24 -3.461 -0.8 180 -4.08509 -0.88398 177.966 3 0.76997 0.0901455 43
24 -3.461 -0.8 180 -4.08509 -0.88398 177.966 3 0.76997 0.0901455 41
24 -3.461 -0.8 180 -4.08509 -0.88398 177.966 3 0.76997 0.0901455 41
24 -3.461 -0.8 180 -4.08509 -0.88398 177.966 3 0.783003 0.0901455 37
24 -3.461 -0.8 180 -4.08509 -0.88398 177.966 3 0.783003 0.0901455 38
24 -3.461 -0.8 180 -4.08509 -0.88398 177.966 3 0.783003 0.0901455 35
24 -3.461 -0.8 180 -4.08509 -0.88398 177.966 3 0.783003 0.0901455 34
24 -3.461 -0.8 180 -4.08509 -0.88398 177.966 3 0.785398 0.0901455 34
24 -3.461 -0.8 180 -4.08509 -0.88398 177.966 3 0.785398 0.0901455 33
24 -3.461 -0.8 180 -4.08509 -0.88398 177.966 3 0.785398 0.0901455 35
24 -3.461 -0.8 180 -4.08509 -0.88398 177.966 3 0.783532 0.0901455 43
24 -3.461 -0.8 180 -4.08509 -0.88398 177.966 3 0.783532 0.0901455 44
24 -3.461 -0.8 180 -4.08509 -0.88398 177.966 3 0.783532 0.0901455 44
24 -3.461 -0.8 180 -4.08509 -0.88398 177.966 3 0.783532 0.0901455 38
24 -3.461 -0.8 180 -4.08509 -0.88398 177.966 3 0.771339 0.0901455 39
24 -3.461 -0.8 180 -4.08509 -0.88398 177.966 3 0.771339 0.0901455 36
24 -3.461 -0.8 180 -4.08509 -0.88398 177.966 3 0.771339 0.0901455 33
24 -3.461 -0.8 180 -4.08509 -0.88398 177.966 3 0.771339 0.0901455 32
24 -3.461 -0.8 180 -4.08509 -0.88398 177.966 3 0.747792 0.0901455 29
24 -3.461 -0.8 180 -4.08509 -0.88398 177.966 3 0.747792 0.0901455 28
24 -3.461 -0.8 180 -4.08509 -0.88398 177.966 3 0.747792 0.0901455 26
24 -3.461 -0.8 180 -4.08509 -0.88398 177.966 3 0.71311 0.0901455 27
24 -3.461 -0.8 180 -4.08509 -0.88398 177.966 3 0.71311 0.0901455 26
24 -3.461 -0.8 180 -4.08509 -0.88398 177.966 3 0.71311 0.0901455 22
24 -3.461 -0.8 180 -4.08509 -0.88398 177.966 3 0.71311 0.0901455 25
24 -3.461 -0.8 180 -4.08509 -0.88398 177.966 3 0.675474 0.0901455 28
24 -3.461 -0.8 180 -4.08509 -0.88398 177.966 3 0.675474 0.0901455 26
24 -3.461 -0.8 180 -4.08509 -0.88398 177.966 3 0.675474 0.0901455 22
24 -3.461 -0.8 180 -4.08509 -0.88398 177.966 3 0.675474 0.0901455 30
24 -3.461 -0.8 180 -4.08509 -0.88398 177.966 3 0.637899 0.0901455 41
24 -3.461 -0.8 180 -4.08509 -0.88398 177.966 3 0.637899 0.0901455 39
24 -3.461 -0.8 180 -4.08509 -0.88398 177.966 3 0.637899 0.0901455 30
24 -3.461 -0.8 180 -4.08509 -0.88398 177.966 3 0.600386 0.0901455 33
24 -3.461 -0.8 180 -4.08509 -0.88398 177.966 3 0.600386 0.0901455 35
24 -3.461 -0.8 180 -4.08509 -0.88398 177.966 3 0.600386 0.0901455 37
24 -3.461 -0.8 180 -4.08509 -0.88398 177.966 3 0.600386 0.0901455 32
24 -3.461 -0.8 180 -4.08509 -0.88398 177.966 3 0.562221 0.0901455 30
24 -3.461 -0.8 180 -4.08509 -0.88398 177.966 3 0.562221 0.0901455 34
24 -3.461 -0.8 180 -4.08509 -0.88398 177.966 3 0.562221 0.0901455 32
24 -3.461 -0.8 180 -4.08509 -0.88398 177.966 3 0.562221 0.0901455 30
24 -3.461 -0.8 180 -4.08509 -0.88398 177.966 3 0.524677 0.0901455 38
24 -3.461 -0.8 180 -4.08509 -0.88398 177.966 3 0.524677 0.0901455 35
24 -3.461 -0.8 180 -4.08509 -0.88398 177.966 3 0.524677 0.0901455 37
24 -3.461 -0.8 180 -4.08509 -0.88398 177.966 3 0.487071 0.0901455 37
24 -3.461 -0.8 180 -4.08509 -0.88398 177.966 3 0.487071 0.0901455 35
24 -3.461 -0.8 180 -4.08509 -0.88398 177.966 3 0.487071 0.0901455 29
24 -3.461 -0.8 180 -4.08509 -0.88398 177.966 3 0.449279 0.0901455 21
24 -3.461 -0.8 180 -4.08509 -0.88398 177.966 3 0.449279 0.0901455 28
24 -3.461 -0.8 180 -4.08509 -0.88398 177.966 3 0.449279 0.0901455 26
24 -3.461 -0.8 180 -4.08509 -0.88398 177.966 3 0.449279 0.0901455 21
24 -3.461 -0.8 180 -4.08509 -0.88398 177.966 3 0.411829 0.0901455 24
24 -3.461 -0.8 180 -4.08509 -0.88398 177.966 3 0.411829 0.0901455 22
24 -3.461 -0.8 180 -4.08509 -0.88398 177.966 3 0.411829 0.0901455 20
24 -3.461 -0.8 180 -4.08509 -0.88398 177.966 3 0.411829 0.0901455 23
24 -3.461 -0.8 180 -4.08509 -0.88398 177.966 3 0.373818 0.0901455 24
24 -3.461 -0.8 180 -4.08509 -0.88398 177.966 3 0.373818 0.0901455 22
24 -3.461 -0.8 180 -4.08509 -0.88398 177.966 3 0.336057 0.0901455 26
24 -3.461 -0.8 180 -4.08509 -0.88398 177.966 3 0.336057 0.0901455 25
24 -3.461 -0.8 180 -4.08509 -0.88398 177.966 3 0.336057 0.0901455 24
24 -3.461 -0.8 180 -4.08509 -0.88398 177.966 3 0.336057 0.0901455 27
24 -3.461 -0.8 180 -4.08509 -0.88398 177.966 3 0.298389 0.0901455 28
24 -3.461 -0.8 180 -4.08509 -0.88398 177.966 3 0.298389 0.0901455 30
24 -3.461 -0.8 180 -4.08509 -0.88398 177.966 3 0.298389 0.0901455 20
24 -3.461 -0.8 180 -4.08509 -0.88398 177.966 3 0.298389 0.0901455 33
24 -3.461 -0.8 180 -4.08509 -0.88398 177.966 3 0.260597 0.0901455 48
24 -3.461 -0.8 180 -4.08509 -0.88398 177.966 3 0.260597 0.0901455 46
24 -3.461 -0.8 180 -4.08509 -0.88398 177.966 3 0.260597 0.0901455 44
24 -3.461 -0.8 180 -4.08509 -0.88398 177.966 3 0.223115 0.0901455 34
24 -3.461 -0.8 180 -4.08509 -0.88398 177.966 3 0.223115 0.0901455 35
24 -3.461 -0.8 180 -4.08509 -0.88398 177.966 3 0.223115 0.0901455 34
24 -3.461 -0.8 180 -4.08509 -0.88398 177.966 3 0.223115 0.0901455 35
24 -3.461 -0.8 180 -4.08509 -0.88398 177.966 3 0.18551 0.0901455 35
24 -3.461 -0.8 180 -4.08509 -0.88398 177.966 3 0.18551 0.0901455 31
24 -3.461 -0.8 180 -4.08509 -0.88398 177.966 3 0.18551 0.0901455 36
24 -3.461 -0.8 180 -4.08509 -0.88398 177.966 3 0.18551 0.0901455 36
24 -3.461 -0.8 180 -4.08509 -0.88398 177.966 3 0.148028 0.0901455 37
24 -3.461 -0.8 180 -4.08509 -0.88398 177.966 3 0.148028 0.0901455 38
24 -3.461 -0.8 180 -4.08509 -0.88398 177.966 3 0.148028 0.0901455 39
24 -3.461 -0.8 180 -4.08509 -0.88398 177.966 3 0.148028 0.0901455 37
24 -3.461 -0.8 180 -4.08509 -0.88398 177.966 3 0.110049 0.0901455 34
24 -3.461 -0.8 180 -4.08509 -0.88398 177.966 3 0.110049 0.0901455 36
24 -3.461 -0.8 180 -4.08509 -0.88398 177.966 3 0.110049 0.0901455 42
24 -3.461 -0.8 180 -4.08509 -0.88398 177.966 3 0.0724433 0.0901455 33
24 -3.461 -0.8 180 -4.08509 -0.88398 177.966 3 0.0724433 0.0901455 31
24 -3.461 -0.8 180 -4.08509 -0.88398 177.966 3 0.0724433 0.0901455 25
24 -3.461 -0.8 180 -4.08509 -0.88398 177.966 3 0.0724433 0.0901455 31
24 -3.461 -0.8 180 -4.08509 -0.88398 177.966 3 0.0346197 0.0901455 22
24 -3.461 -0.8 180 -4.08509 -0.88398 177.966 3 0.0346197 0.0901455 44
24 -3.461 -0.8 180 -4.08509 -0.88398 177.966 3 0.0346197 0.0901455 40
24 -3.461 -0.8 180 -4.08509 -0.88398 177.966 3 0.0346197 0.0901455 41
24 -3.461 -0.8 180 -4.08509 -0.88398 177.966 3 -0.00298607 0.0901455 21
24 -3.461 -0.8 180 -4.08509 -0.88398 177.966 3 -0.00298607 0.0901455 31
24 -3.461 -0.8 180 -4.08509 -0.88398 177.966 3 -0.00298607 0.0901455 38
24 -3.461 -0.8 180 -4.08509 -0.88398 177.966 3 -0.0407474 0.0901455 37
24 -3.461 -0.8 180 -4.08509 -0.88398 177.966 3 -0.0407474 0.0901455 42
24 -3.461 -0.8 180 -4.08509 -0.88398 177.966 3 -0.0407474 0.0901455 29
24 -3.461 -0.8 180 -4.08509 -0.88398 177.966 3 -0.078011 0.0901455 50
24 -3.461 -0.8 180 -4.08509 -0.88398 177.966 3 -0.078011 0.0901455 51
24 -3.461 -0.8 180 -4.08509 -0.88398 177.966 3 -0.078011 0.0901455 51
24 -3.461 -0.8 180 -4.08509 -0.88398 177.966 3 -0.078011 0.0901455 50
24 -3.461 -0.8 180 -4.08509 -0.88398 177.966 3 -0.115368 0.0901455 61
24 -3.461 -0.8 180 -4.08509 -0.88398 177.966 3 -0.115368 0.0901455 42
24 -3.461 -0.8 180 -4.08509 -0.88398 177.966 3 -0.115368 0.0901455 36
24 -3.461 -0.8 180 -4.08509 -0.88398 177.966 3 -0.152849 0.0901455 57
24 -3.461 -0.8 180 -4.08509 -0.88398 177.966 3 -0.152849 0.0901455 43
24 -3.461 -0.8 180 -4.08509 -0.88398 177.966 3 -0.152849 0.0901455 23
24 -3.461 -0.8 180 -4.08509 -0.88398 177.966 3 -0.152849 0.0901455 32
24 -3.461 -0.8 180 -4.08509 -0.88398 177.966 3 -0.190144 0.0901455 47
24 -3.461 -0.8 180 -4.08509 -0.88398 177.966 3 -0.190144 0.0901455 47
24 -3.461 -0.8 180 -4.08509 -0.88398 177.966 3 -0.190144 0.0901455 49
24 -3.461 -0.8 180 -4.08509 -0.88398 177.966 3 -0.190144 0.0901455 25
24 -3.461 -0.8 180 -4.08509 -0.88398 177.966 3 -0.227843 0.0901455 35
24 -3.461 -0.8 180 -4.08509 -0.88398 177.966 3 -0.227843 0.0901455 29
24 -3.461 -0.8 180 -4.08509 -0.88398 177.966 3 -0.227843 0.0901455 35
24 -3.461 -0.8 180 -4.08509 -0.88398 177.966 3 -0.227843 0.0901455 28
24 -3.461 -0.8 180 -4.08509 -0.88398 177.966 3 -0.265449 0.0901455 44
24 -3.461 -0.8 180 -4.08509 -0.88398 177.966 3 -0.265449 0.0901455 31
24 -3.461 -0.8 180 -4.08509 -0.88398 177.966 3 -0.30265 0.0901455 22
24 -3.461 -0.8 180 -4.08509 -0.88398 177.966 3 -0.30265 0.0901455 22
24 -3.461 -0.8 180 -4.08509 -0.88398 177.966 3 -0.340101 0.0901455 25
24 -3.461 -0.8 180 -4.08509 -0.88398 177.966 3 -0.340101 0.0901455 36
24 -3.461 -0.8 180 -4.08509 -0.88398 177.966 3 -0.340101 0.0901455 23
24 -3.461 -0.8 180 -4.08509 -0.88398 177.966 3 -0.340101 0.0901455 21
24 -3.461 -0.8 180 -4.08509 -0.88398 177.966 3 -0.377427 0.0901455 22
24 -3.461 -0.8 180 -4.08509 -0.88398 177.966 3 -0.377427 0.0901455 31
24 -3.461 -0.8 180 -4.08509 -0.88398 177.966 3 -0.415064 0.0901455 20
24 -3.461 -0.8 180 -4.08509 -0.88398 177.966 3 -0.415064 0.0901455 22
24 -3.461 -0.8 180 -4.08509 -0.88398 177.966 3 -0.415064 0.0901455 20
24 -3.461 -0.8 180 -4.08509 -0.88398 177.966 3 -0.564429 0.0901455 20
24 -3.461 -0.8 180 -4.08509 -0.88398 177.966 3 -0.564429 0.0901455 22
24 -3.461 -0.8 180 -4.08509 -0.88398 177.966 3 -0.602004 0.0901455 20
24 -3.461 -0.8 180 -4.08509 -0.88398 177.966 3 -0.676531 0.0901455 21
25 0.539 -0.8 0 -0.0521004 -0.78408 -4.69929 3 -0.304672 0.0901455 30
25 0.539 -0.8 0 -0.0521004 -0.78408 -4.69929 3 -0.26716 0.0901455 33
25 0.539 -0.8 0 -0.0521004 -0.78408 -4.69929 3 -0.26716 0.0901455 35
25 0.539 -0.8 0 -0.0521004 -0.78408 -4.69929 3 -0.26716 0.0901455 33
25 0.539 -0.8 0 -0.0521004 -0.78408 -4.69929 3 -0.229865 0.0901455 25
25 0.539 -0.8 0 -0.0521004 -0.78408 -4.69929 3 -0.229865 0.0901455 21
25 0.539 -0.8 0 -0.0521004 -0.78408 -4.69929 3 -0.229865 0.0901455 29
25 0.539 -0.8 0 -0.0521004 -0.78408 -4.69929 3 -0.192415 0.0901455 35
25 0.539 -0.8 0 -0.0521004 -0.78408 -4.69929 3 -0.192415 0.0901455 36
25 0.539 -0.8 0 -0.0521004 -0.78408 -4.69929 3 -0.192415 0.0901455 38
25 0.539 -0.8 0 -0.0521004 -0.78408 -4.69929 3 -0.192415 0.0901455 22
25 0.539 -0.8 0 -0.0521004 -0.78408 -4.69929 3 -0.154902 0.0901455 29
25 0.539 -0.8 0 -0.0521004 -0.78408 -4.69929 3 -0.154902 0.0901455 31
25 0.539 -0.8 0 -0.0521004 -0.78408 -4.69929 3 -0.154902 0.0901455 31
25 0.539 -0.8 0 -0.0521004 -0.78408 -4.69929 3 -0.154902 0.0901455 38
25 0.539 -0.8 0 -0.0521004 -0.78408 -4.69929 3 -0.117576 0.0901455 30
25 0.539 -0.8 0 -0.0521004 -0.78408 -4.69929 3 -0.117576 0.0901455 41
25 0.539 -0.8 0 -0.0521004 -0.78408 -4.69929 3 -0.117576 0.0901455 42
25 0.539 -0.8 0 -0.0521004 -0.78408 -4.69929 3 -0.0802195 0.0901455 44
25 0.539 -0.8 0 -0.0521004 -0.78408 -4.69929 3 -0.0802195 0.0901455 39
25 0.539 -0.8 0 -0.0521004 -0.78408 -4.69929 3 -0.0802195 0.0901455 43
25 0.539 -0.8 0 -0.0521004 -0.78408 -4.69929 3 -0.0802195 0.0901455 42
25 0.539 -0.8 0 -0.0521004 -0.78408 -4.69929 3 -0.0429869 0.0901455 41
25 0.539 -0.8 0 -0.0521004 -0.78408 -4.69929 3 -0.0429869 0.0901455 40
25 0.539 -0.8 0 -0.0521004 -0.78408 -4.69929 3 -0.0429869 0.0901455 44
25 0.539 -0.8 0 -0.0521004 -0.78408 -4.69929 3 -0.0429869 0.0901455 43
25 0.539 -0.8 0 -0.0521004 -0.78408 -4.69929 3 -0.00556777 0.0901455 44
25 0.539 -0.8 0 -0.0521004 -0.78408 -4.69929 3 -0.00556777 0.0901455 43
25 0.539 -0.8 0 -0.0521004 -0.78408 -4.69929 3 -0.00556777 0.0901455 43
25 0.539 -0.8 0 -0.0521004 -0.78408 -4.69929 3 0.0319758 0.0901455 33
25 0.539 -0.8 0 -0.0521004 -0.78408 -4.69929 3 0.0319758 0.0901455 25
25 0.539 -0.8 0 -0.0521004 -0.78408 -4.69929 3 0.0319758 0.0901455 31
25 0.539 -0.8 0 -0.0521004 -0.78408 -4.69929 3 0.0319758 0.0901455 58
25 0.539 -0.8 0 -0.0521004 -0.78408 -4.69929 3 0.0700482 0.0901455 48
25 0.539 -0.8 0 -0.0521004 -0.78408 -4.69929 3 0.0700482 0.0901455 63
25 0.539 -0.8 0 -0.0521004 -0.78408 -4.69929 3 0.0700482 0.0901455 56
25 0.539 -0.8 0 -0.0521004 -0.78408 -4.69929 3 0.0700482 0.0901455 53
25 0.539 -0.8 0 -0.0521004 -0.78408 -4.69929 3 0.107716 0.0901455 76
25 0.539 -0.8 0 -0.0521004 -0.78408 -4.69929 3 0.107716 0.0901455 61
25 0.539 -0.8 0 -0.0521004 -0.78408 -4.69929 3 0.107716 0.0901455 58
25 0.539 -0.8 0 -0.0521004 -0.78408 -4.69929 3 0.107716 0.0901455 47
25 0.539 -0.8 0 -0.0521004 -0.78408 -4.69929 3 0.145229 0.0901455 42
25 0.539 -0.8 0 -0.0521004 -0.78408 -4.69929 3 0.145229 0.0901455 45
25 0.539 -0.8 0 -0.0521004 -0.78408 -4.69929 3 0.145229 0.0901455 38
25 0.539 -0.8 0 -0.0521004 -0.78408 -4.69929 3 0.182834 0.0901455 35
25 0.539 -0.8 0 -0.0521004 -0.78408 -4.69929 3 0.182834 0.0901455 54
25 0.539 -0.8 0 -0.0521004 -0.78408 -4.69929 3 0.182834 0.0901455 26
25 0.539 -0.8 0 -0.0521004 -0.78408 -4.69929 3 0.182834 0.0901455 45
25 0.539 -0.8 0 -0.0521004 -0.78408 -4.69929 3 0.220316 0.0901455 35
25 0.539 -0.8 0 -0.0521004 -0.78408 -4.69929 3 0.220316 0.0901455 25
25 0.539 -0.8 0 -0.0521004 -0.78408 -4.69929 3 0.220316 0.0901455 36
25 0.539 -0.8 0 -0.0521004 -0.78408 -4.69929 3 0.220316 0.0901455 37
25 0.539 -0.8 0 -0.0521004 -0.78408 -4.69929 3 0.257766 0.0901455 50
25 0.539 -0.8 0 -0.0521004 -0.78408 -4.69929 3 0.257766 0.0901455 46
25 0.539 -0.8 0 -0.0521004 -0.78408 -4.69929 3 0.257766 0.0901455 28
25 0.539 -0.8 0 -0.0521004 -0.78408 -4.69929 3 0.295216 0.0901455 23
25 0.539 -0.8 0 -0.0521004 -0.78408 -4.69929 3 0.295216 0.0901455 31
25 0.539 -0.8 0 -0.0521004 -0.78408 -4.69929 3 0.295216 0.0901455 22
25 0.539 -0.8 0 -0.0521004 -0.78408 -4.69929 3 0.295216 0.0901455 24
25 0.539 -0.8 0 -0.0521004 -0.78408 -4.69929 3 0.332698 0.0901455 31
25 0.539 -0.8 0 -0.0521004 -0.78408 -4.69929 3 0.332698 0.0901455 28
25 0.539 -0.8 0 -0.0521004 -0.78408 -4.69929 3 0.332698 0.0901455 35
25 0.539 -0.8 0 -0.0521004 -0.78408 -4.69929 3 0.332698 0.0901455 40
25 0.539 -0.8 0 -0.0521004 -0.78408 -4.69929 3 0.370708 0.0901455 38
25 0.539 -0.8 0 -0.0521004 -0.78408 -4.69929 3 0.370708 0.0901455 30
25 0.539 -0.8 0 -0.0521004 -0.78408 -4.69929 3 0.370708 0.0901455 34
25 0.539 -0.8 0 -0.0521004 -0.78408 -4.69929 3 0.446106 0.0901455 27
25 0.539 -0.8 0 -0.0521004 -0.78408 -4.69929 3 0.446106 0.0901455 40
25 0.539 -0.8 0 -0.0521004 -0.78408 -4.69929 3 0.446106 0.0901455 900
25 0.539 -0.8 0 -0.0521004 -0.78408 -4.69929 3 0.446106 0.0901455 5012
25 0.539 -0.8 0 -0.0521004 -0.78408 -4.69929 3 0.483836 0.0901455 2951
25 0.539 -0.8 0 -0.0521004 -0.78408 -4.69929 3 0.483836 0.0901455 49
25 0.539 -0.8 0 -0.0521004 -0.78408 -4.69929 3 0.483836 0.0901455 26
25 0.539 -0.8 0 -0.0521004 -0.78408 -4.69929 3 0.483836 0.0901455 27
25 0.539 -0.8 0 -0.0521004 -0.78408 -4.69929 3 0.55911 0.0901455 37
25 0.539 -0.8 0 -0.0521004 -0.78408 -4.69929 3 0.55911 0.0901455 30
25 0.539 -0.8 0 -0.0521004 -0.78408 -4.69929 3 0.596871 0.0901455 21
25 0.539 -0.8 0 -0.0521004 -0.78408 -4.69929 3 0.596871 0.0901455 25
25 0.539 -0.8 0 -0.0521004 -0.78408 -4.69929 3 0.634851 0.0901455 23
26 8.539 0.7 0 7.90678 0.675814 -3.50189 3 -0.783563 0.0901455 23
26 8.539 0.7 0 7.90678 0.675814 -3.50189 3 -0.783563 0.0901455 21
26 8.539 0.7 0 7.90678 0.675814 -3.50189 3 -0.676407 0.0901455 20
26 8.539 0.7 0 7.90678 0.675814 -3.50189 3 -0.638988 0.0901455 26
26 8.539 0.7 0 7.90678 0.675814 -3.50189 3 -0.601537 0.0901455 21
26 8.539 0.7 0 7.90678 0.675814 -3.50189 3 -0.564242 0.0901455 21
26 8.539 0.7 0 7.90678 0.675814 -3.50189 3 -0.526357 0.0901455 20
26 8.539 0.7 0 7.90678 0.675814 -3.50189 3 -0.526357 0.0901455 20
26 8.539 0.7 0 7.90678 0.675814 -3.50189 3 -0.488471 0.0901455 29
26 8.539 0.7 0 7.90678 0.675814 -3.50189 3 -0.488471 0.0901455 27
26 8.539 0.7 0 7.90678 0.675814 -3.50189 3 -0.451176 0.0901455 23
26 8.539 0.7 0 7.90678 0.675814 -3.50189 3 -0.451176 0.0901455 23
26 8.539 0.7 0 7.90678 0.675814 -3.50189 3 -0.451176 0.0901455 25
26 8.539 0.7 0 7.90678 0.675814 -3.50189 3 -0.41357 0.0901455 28
26 8.539 0.7 0 7.90678 0.675814 -3.50189 3 -0.41357 0.0901455 24
26 8.539 0.7 0 7.90678 0.675814 -3.50189 3 -0.41357 0.0901455 22
26 8.539 0.7 0 7.90678 0.675814 -3.50189 3 -0.374129 0.0901455 24
26 8.539 0.7 0 7.90678 0.675814 -3.50189 3 -0.374129 0.0901455 22
26 8.539 0.7 0 7.90678 0.675814 -3.50189 3 -0.336741 0.0901455 23
26 8.539 0.7 0 7.90678 0.675814 -3.50189 3 -0.336741 0.0901455 23
26 8.539 0.7 0 7.90678 0.675814 -3.50189 3 -0.336741 0.0901455 24
26 8.539 0.7 0 7.90678 0.675814 -3.50189 3 -0.336741 0.0901455 23
26 8.539 0.7 0 7.90678 0.675814 -3.50189 3 -0.299011 0.0901455 23
26 8.539 0.7 0 7.90678 0.675814 -3.50189 3 -0.299011 0.0901455 22
26 8.539 0.7 0 7.90678 0.675814 -3.50189 3 -0.261436 0.0901455 20
26 8.539 0.7 0 7.90678 0.675814 -3.50189 3 -0.261436 0.0901455 22
26 8.539 0.7 0 7.90678 0.675814 -3.50189 3 -0.261436 0.0901455 28
26 8.539 0.7 0 7.90678 0.675814 -3.50189 3 -0.261436 0.0901455 101
26 8.539 0.7 0 7.90678 0.675814 -3.50189 3 -0.223706 0.0901455 27
26 8.539 0.7 0 7.90678 0.675814 -3.50189 3 -0.223706 0.0901455 47
26 8.539 0.7 0 7.90678 0.675814 -3.50189 3 -0.223706 0.0901455 28
26 8.539 0.7 0 7.90678 0.675814 -3.50189 3 -0.223706 0.0901455 27
26 8.539 0.7 0 7.90678 0.675814 -3.50189 3 -0.186256 0.0901455 54
26 8.539 0.7 0 7.90678 0.675814 -3.50189 3 -0.186256 0.0901455 48
26 8.539 0.7 0 7.90678 0.675814 -3.50189 3 -0.186256 0.0901455 40
26 8.539 0.7 0 7.90678 0.675814 -3.50189 3 -0.186256 0.0901455 37
26 8.539 0.7 0 7.90678 0.675814 -3.50189 3 -0.148401 0.0901455 51
26 8.539 0.7 0 7.90678 0.675814 -3.50189 3 -0.148401 0.0901455 42
26 8.539 0.7 0 7.90678 0.675814 -3.50189 3 -0.148401 0.0901455 32
26 8.539 0.7 0 7.90678 0.675814 -3.50189 3 -0.110702 0.0901455 36
26 8.539 0.7 0 7.90678 0.675814 -3.50189 3 -0.110702 0.0901455 26
26 8.539 0.7 0 7.90678 0.675814 -3.50189 3 -0.110702 0.0901455 43
26 8.539 0.7 0 7.90678 0.675814 -3.50189 3 -0.110702 0.0901455 40
26 8.539 0.7 0 7.90678 0.675814 -3.50189 3 -0.0734075 0.0901455 40
26 8.539 0.7 0 7.90678 0.675814 -3.50189 3 -0.0734075 0.0901455 39
26 8.539 0.7 0 7.90678 0.675814 -3.50189 3 -0.0734075 0.0901455 32
26 8.539 0.7 0 7.90678 0.675814 -3.50189 3 -0.0734075 0.0901455 37
26 8.539 0.7 0 7.90678 0.675814 -3.50189 3 -0.0361439 0.0901455 36
26 8.539 0.7 0 7.90678 0.675814 -3.50189 3 -0.0361439 0.0901455 25
26 8.539 0.7 0 7.90678 0.675814 -3.50189 3 -0.0361439 0.0901455 20
26 8.539 0.7 0 7.90678 0.675814 -3.50189 3 0.00171077 0.0901455 39
26 8.539 0.7 0 7.90678 0.675814 -3.50189 3 0.00171077 0.0901455 41
26 8.539 0.7 0 7.90678 0.675814 -3.50189 3 0.00171077 0.0901455 36
26 8.539 0.7 0 7.90678 0.675814 -3.50189 3 0.00171077 0.0901455 39
26 8.539 0.7 0 7.90678 0.675814 -3.50189 3 0.0392855 0.0901455 41
26 8.539 0.7 0 7.90678 0.675814 -3.50189 3 0.0392855 0.0901455 43
26 8.539 0.7 0 7.90678 0.675814 -3.50189 3 0.0392855 0.0901455 37
26 8.539 0.7 0 7.90678 0.675814 -3.50189 3 0.0392855 0.0901455 37
26 8.539 0.7 0 7.90678 0.675814 -3.50189 3 0.0769224 0.0901455 44
26 8.539 0.7 0 7.90678 0.675814 -3.50189 3 0.0769224 0.0901455 44
26 8.539 0.7 0 7.90678 0.675814 -3.50189 3 0.0769224 0.0901455 47
26 8.539 0.7 0 7.90678 0.675814 -3.50189 3 0.114466 0.0901455 45
26 8.539 0.7 0 7.90678 0.675814 -3.50189 3 0.114466 0.0901455 52
26 8.539 0.7 0 7.90678 0.675814 -3.50189 3 0.114466 0.0901455 39
26 8.539 0.7 0 7.90678 0.675814 -3.50189 3 0.114466 0.0901455 44
26 8.539 0.7 0 7.90678 0.675814 -3.50189 3 0.151947 0.0901455 45
26 8.539 0.7 0 7.90678 0.675814 -3.50189 3 0.151947 0.0901455 36
26 8.539 0.7 0 7.90678 0.675814 -3.50189 3 0.151947 0.0901455 46
26 8.539 0.7 0 7.90678 0.675814 -3.50189 3 0.151947 0.0901455 43
26 8.539 0.7 0 7.90678 0.675814 -3.50189 3 0.189553 0.0901455 29
26 8.539 0.7 0 7.90678 0.675814 -3.50189 3 0.189553 0.0901455 29
26 8.539 0.7 0 7.90678 0.675814 -3.50189 3 0.227035 0.0901455 21
26 8.539 0.7 0 7.90678 0.675814 -3.50189 3 0.227035 0.0901455 22
26 8.539 0.7 0 7.90678 0.675814 -3.50189 3 0.227035 0.0901455 25
26 8.539 0.7 0 7.90678 0.675814 -3.50189 3 0.264547 0.0901455 20
26 8.539 0.7 0 7.90678 0.675814 -3.50189 3 0.264547 0.0901455 22
26 8.539 0.7 0 7.90678 0.675814 -3.50189 3 0.301997 0.0901455 24
26 8.539 0.7 0 7.90678 0.675814 -3.50189 3 0.377333 0.0901455 29
26 8.539 0.7 0 7.90678 0.675814 -3.50189 3 0.377333 0.0901455 49
26 8.539 0.7 0 7.90678 0.675814 -3.50189 3 0.377333 0.0901455 31
26 8.539 0.7 0 7.90678 0.675814 -3.50189 3 0.377333 0.0901455 23
26 8.539 0.7 0 7.90678 0.675814 -3.50189 3 0.785398 0.0901455 20
26 8.539 0.7 0 7.90678 0.675814 -3.50189 3 0.785398 0.0901455 20
27 17.039 1.2 0 16.4002 1.15254 -0.719709 3 -0.785398 0.0901455 21
27 17.039 1.2 0 16.4002 1.15254 -0.719709 3 -0.785398 0.0901455 22
27 17.039 1.2 0 16.4002 1.15254 -0.719709 3 -0.785398 0.0901455 22
27 17.039 1.2 0 16.4002 1.15254 -0.719709 3 -0.785398 0.0901455 22
27 17.039 1.2 0 16.4002 1.15254 -0.719709 3 -0.785398 0.0901455 23
27 17.039 1.2 0 16.4002 1.15254 -0.719709 3 -0.785398 0.0901455 22
27 17.039 1.2 0 16.4002 1.15254 -0.719709 3 -0.783532 0.0901455 24
27 17.039 1.2 0 16.4002 1.15254 -0.719709 3 -0.783532 0.0901455 26
27 17.039 1.2 0 16.4002 1.15254 -0.719709 3 -0.783532 0.0901455 21
27 17.039 1.2 0 16.4002 1.15254 -0.719709 3 -0.716252 0.0901455 22
27 17.039 1.2 0 16.4002 1.15254 -0.719709 3 -0.678957 0.0901455 20
27 17.039 1.2 0 16.4002 1.15254 -0.719709 3 -0.678957 0.0901455 20
27 17.039 1.2 0 16.4002 1.15254 -0.719709 3 -0.641663 0.0901455 29
27 17.039 1.2 0 16.4002 1.15254 -0.719709 3 -0.641663 0.0901455 32
27 17.039 1.2 0 16.4002 1.15254 -0.719709 3 -0.60443 0.0901455 25
27 17.039 1.2 0 16.4002 1.15254 -0.719709 3 -0.60443 0.0901455 20
27 17.039 1.2 0 16.4002 1.15254 -0.719709 3 -0.566886 0.0901455 24
27 17.039 1.2 0 16.4002 1.15254 -0.719709 3 -0.566886 0.0901455 24
27 17.039 1.2 0 16.4002 1.15254 -0.719709 3 -0.529654 0.0901455 20
27 17.039 1.2 0 16.4002 1.15254 -0.719709 3 -0.529654 0.0901455 21
27 17.039 1.2 0 16.4002 1.15254 -0.719709 3 -0.492359 0.0901455 20
27 17.039 1.2 0 16.4002 1.15254 -0.719709 3 -0.492359 0.0901455 27
27 17.039 1.2 0 16.4002 1.15254 -0.719709 3 -0.454847 0.0901455 21
27 17.039 1.2 0 16.4002 1.15254 -0.719709 3 -0.417583 0.0901455 21
27 17.039 1.2 0 16.4002 1.15254 -0.719709 3 -0.417583 0.0901455 25
27 17.039 1.2 0 16.4002 1.15254 -0.719709 3 -0.417583 0.0901455 20
27 17.039 1.2 0 16.4002 1.15254 -0.719709 3 -0.417583 0.0901455 32
27 17.039 1.2 0 16.4002 1.15254 -0.719709 3 -0.378889 0.0901455 23
27 17.039 1.2 0 16.4002 1.15254 -0.719709 3 -0.378889 0.0901455 32
27 17.039 1.2 0 16.4002 1.15254 -0.719709 3 -0.378889 0.0901455 25
27 17.039 1.2 0 16.4002 1.15254 -0.719709 3 -0.378889 0.0901455 31
27 17.039 1.2 0 16.4002 1.15254 -0.719709 3 -0.341656 0.0901455 31
27 17.039 1.2 0 16.4002 1.15254 -0.719709 3 -0.341656 0.0901455 33
27 17.039 1.2 0 16.4002 1.15254 -0.719709 3 -0.341656 0.0901455 31
27 17.039 1.2 0 16.4002 1.15254 -0.719709 3 -0.304392 0.0901455 33
27 17.039 1.2 0 16.4002 1.15254 -0.719709 3 -0.304392 0.0901455 32
27 17.039 1.2 0 16.4002 1.15254 -0.719709 3 -0.304392 0.0901455 30
27 17.039 1.2 0 16.4002 1.15254 -0.719709 3 -0.304392 0.0901455 31
27 17.039 1.2 0 16.4002 1.15254 -0.719709 3 -0.267066 0.0901455 31
27 17.039 1.2 0 16.4002 1.15254 -0.719709 3 -0.267066 0.0901455 31
27 17.039 1.2 0 16.4002 1.15254 -0.719709 3 -0.267066 0.0901455 31
27 17.039 1.2 0 16.4002 1.15254 -0.719709 3 -0.267066 0.0901455 29
27 17.039 1.2 0 16.4002 1.15254 -0.719709 3 -0.227003 0.0901455 32
27 17.039 1.2 0 16.4002 1.15254 -0.719709 3 -0.227003 0.0901455 30
27 17.039 1.2 0 16.4002 1.15254 -0.719709 3 -0.227003 0.0901455 29
27 17.039 1.2 0 16.4002 1.15254 -0.719709 3 -0.227003 0.0901455 30
27 17.039 1.2 0 16.4002 1.15254 -0.719709 3 -0.189771 0.0901455 27
27 17.039 1.2 0 16.4002 1.15254 -0.719709 3 -0.189771 0.0901455 30
27 17.039 1.2 0 16.4002 1.15254 -0.719709 3 -0.189771 0.0901455 27
27 17.039 1.2 0 16.4002 1.15254 -0.719709 3 -0.152538 0.0901455 27
27 17.039 1.2 0 16.4002 1.15254 -0.719709 3 -0.152538 0.0901455 30
27 17.039 1.2 0 16.4002 1.15254 -0.719709 3 -0.152538 0.0901455 34
27 17.039 1.2 0 16.4002 1.15254 -0.719709 3 -0.152538 0.0901455 45
27 17.039 1.2 0 16.4002 1.15254 -0.719709 3 -0.115026 0.0901455 24
27 17.039 1.2 0 16.4002 1.15254 -0.719709 3 -0.115026 0.0901455 29
27 17.039 1.2 0 16.4002 1.15254 -0.719709 3 -0.115026 0.0901455 24
27 17.039 1.2 0 16.4002 1.15254 -0.719709 3 -0.0777 0.0901455 20
27 17.039 1.2 0 16.4002 1.15254 -0.719709 3 -0.0403119 0.0901455 27
27 17.039 1.2 0 16.4002 1.15254 -0.719709 3 -0.0403119 0.0901455 21
27 17.039 1.2 0 16.4002 1.15254 -0.719709 3 -0.00264391 0.0901455 24
27 17.039 1.2 0 16.4002 1.15254 -0.719709 3 -0.00264391 0.0901455 24
27 17.039 1.2 0 16.4002 1.15254 -0.719709 3 0.0348064 0.0901455 24
27 17.039 1.2 0 16.4002 1.15254 -0.719709 3 0.0348064 0.0901455 23
27 17.039 1.2 0 16.4002 1.15254 -0.719709 3 0.0723188 0.0901455 22
27 17.039 1.2 0 16.4002 1.15254 -0.719709 3 0.1098 0.0901455 21
27 17.039 1.2 0 16.4002 1.15254 -0.719709 3 0.184856 0.0901455 28
27 17.039 1.2 0 16.4002 1.15254 -0.719709 3 0.184856 0.0901455 21
27 17.039 1.2 0 16.4002 1.15254 -0.719709 3 0.222338 0.0901455 27
28 16.539 1.7 -90 16.3651 1.21074 -88.1807 3 0.680513 0.0901455 22
28 16.539 1.7 -90 16.3651 1.21074 -88.1807 3 0.717994 0.0901455 21
28 16.539 1.7 -90 16.3651 1.21074 -88.1807 3 0.746704 0.0901455 20
